[2009-apr-06,neutral] : 0.9095750062896445	0.006973057059405744	0.0028063903927390776	0.0028063903927390776	0.006011518597867283	0.0028063903927390776	0.0028063903927390776	0.0028063903927390776	0.0028063903927390776	0.0028063903927390776	0.018916376897462426	0.0028063903927390776	0.0028063903927390776	0.0028063903927390776	0.013303185264533949	0.0028063903927390776	0.0028063903927390776	0.005931390392739077	0.0028063903927390776	0.0028063903927390776	
[2009-apr-06,positive] : 0.01935492601895547	0.0016975411493472137	0.0010436398139537695	0.18242516613489856	4.780289542252625E-4	4.780289542252625E-4	4.780289542252625E-4	0.01287553689729387	4.780289542252625E-4	4.780289542252625E-4	0.7746882834307973	4.780289542252625E-4	4.780289542252625E-4	4.780289542252625E-4	4.780289542252625E-4	0.0017005301498254541	4.780289542252625E-4	4.780289542252625E-4	4.780289542252625E-4	4.780289542252625E-4	
[2009-apr-06,negative] : 0.6359623176353054	0.0010048084927323183	0.0010048084927323183	0.2911855711244325	0.0034086546465784723	0.0010048084927323183	0.022641202527849992	0.0010048084927323183	0.002280318696813951	0.0010048084927323183	0.02557244771066511	0.0010048084927323183	0.0010048084927323183	0.0035058088928923824	0.0010048084927323183	0.002184053775751187	0.0010048084927323183	0.0010048084927323183	0.0022067315696553953	0.0010048084927323183	
[2009-apr-07,neutral] : 0.9623545158515533	4.8508366112741093E-4	4.8508366112741093E-4	4.8508366112741093E-4	4.8508366112741093E-4	0.001113224364644999	0.011587587170647997	4.8508366112741093E-4	0.001083169785529325	4.8508366112741093E-4	0.009481500382135783	4.8508366112741093E-4	0.006951076087663948	4.8508366112741093E-4	4.8508366112741093E-4	4.8508366112741093E-4	4.8508366112741093E-4	4.8508366112741093E-4	0.0011228387631682273	4.8508366112741093E-4	
[2009-apr-07,positive] : 0.03711935435466766	0.023529477489015745	1.022526058893785E-4	0.18755517755474924	1.022526058893785E-4	1.022526058893785E-4	1.022526058893785E-4	2.2750310689138254E-4	1.022526058893785E-4	1.022526058893785E-4	0.7398241248837678	1.022526058893785E-4	1.022526058893785E-4	1.022526058893785E-4	0.010187197987753348	2.278807465928961E-4	1.022526058893785E-4	1.022526058893785E-4	1.022526058893785E-4	1.022526058893785E-4	
[2009-apr-07,negative] : 0.6507823961165613	1.764788801748672E-4	1.764788801748672E-4	0.3089378068479247	1.764788801748672E-4	1.764788801748672E-4	0.021751645862081656	1.764788801748672E-4	0.0010482186966785391	1.764788801748672E-4	0.01439066227954067	1.764788801748672E-4	3.973269367119697E-4	1.764788801748672E-4	1.764788801748672E-4	1.764788801748672E-4	1.764788801748672E-4	3.977178182279646E-4	1.764788801748672E-4	1.764788801748672E-4	
[2009-apr-17,neutral] : 0.8532024485930737	0.008015083874458874	0.022067437770562772	0.003848417207792208	0.007754667207792209	0.003848417207792208	0.02441118777056277	0.017129667207792208	0.003848417207792208	0.003848417207792208	0.012181750541125542	0.003848417207792208	0.003848417207792208	0.00905675054112554	0.003848417207792208	0.003848417207792208	0.003848417207792208	0.003848417207792208	0.003848417207792208	0.003848417207792208	
[2009-apr-17,positive] : 0.06346261513963922	0.0027631084083946243	0.00268301046924227	0.20400698138510615	5.701259522542736E-4	5.701259522542736E-4	5.701259522542736E-4	0.007067993108530817	5.701259522542736E-4	5.701259522542736E-4	0.7099520246983296	5.701259522542736E-4	5.701259522542736E-4	5.701259522542736E-4	0.002652629411451637	5.701259522542736E-4	5.701259522542736E-4	5.701259522542736E-4	5.701259522542736E-4	5.701259522542736E-4	
[2009-apr-17,negative] : 0.7958911758009216	0.0033820743119652233	0.001543839017847576	0.15534779143897998	0.001543839017847576	0.001543839017847576	0.001543839017847576	0.001543839017847576	0.001543839017847576	0.001543839017847576	0.016855171884327502	0.001543839017847576	0.001543839017847576	0.001543839017847576	0.005366201296092209	0.001543839017847576	0.001543839017847576	0.001543839017847576	0.001543839017847576	0.001543839017847576	
[2009-apr-18,neutral] : 0.9613988715025453	5.009062920424076E-4	5.009062920424076E-4	5.009062920424076E-4	5.009062920424076E-4	5.009062920424076E-4	5.009062920424076E-4	5.009062920424076E-4	5.009062920424076E-4	5.009062920424076E-4	0.027253464895008402	5.009062920424076E-4	5.009062920424076E-4	5.009062920424076E-4	5.009062920424076E-4	0.0021977388712279278	5.009062920424076E-4	5.009062920424076E-4	5.009062920424076E-4	0.0011354240585398697	
[2009-apr-18,positive] : 0.041506660274743507	0.01072616573642089	8.469926361267776E-5	0.20649380877516238	8.469926361267776E-5	8.469926361267776E-5	8.469926361267776E-5	4.087034421684183E-4	8.469926361267776E-5	6.148095265473681E-4	0.7343293230064156	8.469926361267776E-5	8.469926361267776E-5	8.469926361267776E-5	0.004819438811577028	8.469926361267776E-5	8.469926361267776E-5	8.469926361267776E-5	8.469926361267776E-5	8.469926361267776E-5	
[2009-apr-18,negative] : 0.7004287659563772	1.8777556745135167E-4	4.214204272644358E-4	0.2586660487263916	4.214204272644358E-4	1.8777556745135167E-4	0.009515255490690972	1.8777556745135167E-4	1.8777556745135167E-4	1.8777556745135167E-4	0.02462419155993401	1.8777556745135167E-4	1.8777556745135167E-4	1.8777556745135167E-4	1.8777556745135167E-4	0.0030227037398926197	1.8777556745135167E-4	1.8777556745135167E-4	1.8777556745135167E-4	6.46886862768585E-4	
[2009-apr-19,neutral] : 0.971536731503403	2.8532158234670645E-4	2.8532158234670645E-4	2.8532158234670645E-4	2.8532158234670645E-4	2.8532158234670645E-4	0.002831570647163411	2.8532158234670645E-4	6.414469384720626E-4	2.8532158234670645E-4	0.01758000378052655	2.8532158234670645E-4	2.8532158234670645E-4	2.8532158234670645E-4	2.8532158234670645E-4	2.8532158234670645E-4	2.8532158234670645E-4	6.287281757532999E-4	6.44516984645557E-4	0.002427821399528919	
[2009-apr-19,positive] : 0.03932982216800597	0.00901572578807465	1.3179826826469022E-4	0.21402308039807016	5.8441460752953116E-5	1.3179826826469022E-4	5.8441460752953116E-5	2.0475345698436009E-4	5.8441460752953116E-5	2.01298603610096E-4	0.7247335842086897	5.8441460752953116E-5	1.2987003218152456E-4	5.8441460752953116E-5	0.010852778183136751	1.2987003218152456E-4	6.480889065121675E-4	5.8441460752953116E-5	5.8441460752953116E-5	5.8441460752953116E-5	
[2009-apr-19,negative] : 0.682076766750392	1.2596341994946842E-4	1.2596341994946842E-4	0.26556068610288974	1.2596341994946842E-4	1.2596341994946842E-4	0.02518189227459052	1.2596341994946842E-4	1.2596341994946842E-4	1.2596341994946842E-4	0.020131274183656997	1.2596341994946842E-4	1.2596341994946842E-4	0.0045385730480780265	1.2596341994946842E-4	1.2596341994946842E-4	1.2596341994946842E-4	1.2596341994946842E-4	5.866513806374291E-4	2.866318004121933E-4	
[2009-apr-20,neutral] : 0.9674213907395866	4.041704011150488E-4	4.041704011150488E-4	4.041704011150488E-4	9.041704011150488E-4	4.041704011150488E-4	9.185736932961188E-4	4.041704011150488E-4	4.041704011150488E-4	4.041704011150488E-4	0.017520821983775404	0.003883013481290696	4.041704011150488E-4	0.003693644085325575	4.041704011150488E-4	4.041704011150488E-4	4.041704011150488E-4	4.041704011150488E-4	4.041704011150488E-4	4.041704011150488E-4	
[2009-apr-20,positive] : 0.041173433843392025	0.010824513671902519	3.084218726185521E-4	0.205574577019208	8.835127955155067E-5	8.835127955155067E-5	8.835127955155067E-5	1.9926521034125785E-4	8.835127955155067E-5	8.835127955155067E-5	0.7320701851376349	8.835127955155067E-5	1.9848343814185903E-4	8.835127955155067E-5	0.0016347080610623946	3.084218726185521E-4	0.0066029429819261165	8.835127955155067E-5	8.835127955155067E-5	3.0988537518989085E-4	
[2009-apr-20,negative] : 0.6322421458422295	4.314010116077975E-4	1.9193741007523038E-4	0.3324871107185411	1.9193741007523038E-4	4.327851942756158E-4	0.0067018295988654445	1.9193741007523038E-4	1.9193741007523038E-4	1.9193741007523038E-4	0.017826095869261843	1.9193741007523038E-4	1.9193741007523038E-4	1.9193741007523038E-4	4.346558566771722E-4	0.0021006140577928276	1.9193741007523038E-4	1.9193741007523038E-4	4.3512807155382966E-4	0.004988859678442514	
[2009-apr-21,neutral] : 0.9413684557490447	8.039507185333607E-4	8.039507185333607E-4	8.039507185333607E-4	8.039507185333607E-4	8.039507185333607E-4	0.02382250068354544	0.0017805132185333607	8.039507185333607E-4	8.039507185333607E-4	0.015091807290114272	0.0018120152346623928	8.039507185333607E-4	8.039507185333607E-4	8.039507185333607E-4	8.039507185333607E-4	8.039507185333607E-4	8.039507185333607E-4	0.004869397764632721	8.039507185333607E-4	
[2009-apr-21,positive] : 0.04644457703534881	0.014057242836213213	1.7669413270201818E-4	0.19389797134406095	1.7669413270201818E-4	1.7669413270201818E-4	1.7669413270201818E-4	1.7669413270201818E-4	1.7669413270201818E-4	1.7669413270201818E-4	0.740568115298777	1.7669413270201818E-4	3.9754218923912065E-4	1.7669413270201818E-4	0.0021608334385327175	1.7669413270201818E-4	1.7669413270201818E-4	1.7669413270201818E-4	1.7669413270201818E-4	1.7669413270201818E-4	
[2009-apr-21,negative] : 0.6505317389338492	7.186093794181363E-4	3.1924835705391915E-4	0.306500217535106	3.1924835705391915E-4	3.1924835705391915E-4	0.006614763574716313	3.1924835705391915E-4	3.1924835705391915E-4	3.1924835705391915E-4	0.030044654938287084	3.1924835705391915E-4	3.1924835705391915E-4	3.1924835705391915E-4	3.1924835705391915E-4	3.1924835705391915E-4	3.1924835705391915E-4	3.1924835705391915E-4	7.211776175040798E-4	7.186093794181363E-4	
[2009-mai-01,neutral] : 0.9681946765337858	0.0010950410314979726	0.0010950410314979726	0.0010950410314979726	0.0010950410314979726	0.0010950410314979726	0.0010950410314979726	0.0010950410314979726	0.0010950410314979726	0.0010950410314979726	0.0010950410314979726	0.0010950410314979726	0.003935950122407063	0.0010950410314979726	0.0010950410314979726	0.0010950410314979726	0.0010950410314979726	0.0010950410314979726	0.009253675808341579	0.0010950410314979726	
[2009-mai-01,positive] : 0.07193455977444069	0.004021097645834977	0.0012795707003269929	0.1926262999970293	2.1434729804877458E-4	4.710208093424091E-4	2.1434729804877458E-4	7.566466472895554E-4	2.1434729804877458E-4	2.1434729804877458E-4	0.7191467694870485	2.1434729804877458E-4	2.1434729804877458E-4	0.0012844698332035805	0.006121744826947582	2.1434729804877458E-4	2.1434729804877458E-4	2.1434729804877458E-4	2.1434729804877458E-4	2.1434729804877458E-4	
[2009-mai-01,negative] : 0.6770047780967997	5.058988672864165E-4	5.058988672864165E-4	0.23102448755128624	5.058988672864165E-4	5.058988672864165E-4	0.046989611292780537	5.058988672864165E-4	0.0017696856319922992	5.058988672864165E-4	0.03562295441784507	5.058988672864165E-4	5.058988672864165E-4	5.058988672864165E-4	5.058988672864165E-4	5.058988672864165E-4	5.058988672864165E-4	5.058988672864165E-4	5.058988672864165E-4	5.058988672864165E-4	
[2009-mai-02,neutral] : 0.9688366012327088	2.882868947713419E-4	2.882868947713419E-4	2.882868947713419E-4	2.882868947713419E-4	2.882868947713419E-4	0.0013968568483770736	2.882868947713419E-4	2.882868947713419E-4	2.882868947713419E-4	0.023108095362567825	6.50605735351052E-4	2.882868947713419E-4	9.818762437016175E-4	2.882868947713419E-4	2.882868947713419E-4	2.882868947713419E-4	2.882868947713419E-4	2.882868947713419E-4	9.8994805049485E-4	
[2009-mai-02,positive] : 0.050732081670206396	0.0031444206817283025	1.1664919242800093E-4	0.2015013567057986	5.2348780905367166E-5	5.2348780905367166E-5	5.2348780905367166E-5	5.2348780905367166E-5	5.2348780905367166E-5	5.2348780905367166E-5	0.7361430218670989	1.1567198252644116E-4	5.2348780905367166E-5	5.2348780905367166E-5	0.007436595698651003	1.1718280580163273E-4	5.2348780905367166E-5	5.2348780905367166E-5	5.2348780905367166E-5	1.1718280580163273E-4	
[2009-mai-02,negative] : 0.7038465951614948	1.1750651414295682E-4	1.1750651414295682E-4	0.23839790623246593	2.581139382149478E-4	4.0619011691431944E-4	0.029439334416526988	1.1750651414295682E-4	0.0013239398124343215	1.1750651414295682E-4	0.023655789613025845	1.1750651414295682E-4	1.1750651414295682E-4	1.1750651414295682E-4	1.1750651414295682E-4	2.618483155286381E-4	1.1750651414295682E-4	4.0232768667192235E-4	6.774169284766634E-4	2.7297915095887725E-4	
[2009-mai-03,neutral] : 0.9718997845142393	2.105394180594632E-4	4.7706393831532676E-4	2.105394180594632E-4	2.105394180594632E-4	2.105394180594632E-4	0.002873131161105455	2.105394180594632E-4	4.914382944639575E-4	4.635758553064268E-4	0.017676358624533692	2.105394180594632E-4	2.105394180594632E-4	9.650665810373304E-4	4.7706393831532676E-4	2.105394180594632E-4	4.7706393831532676E-4	2.105394180594632E-4	4.7706393831532676E-4	0.001827534453517433	
[2009-mai-03,positive] : 0.043020888836098906	0.00948514738947727	4.181268190893602E-5	0.20071424487569425	4.181268190893602E-5	4.181268190893602E-5	4.181268190893602E-5	4.181268190893602E-5	4.181268190893602E-5	4.181268190893602E-5	0.7370785244763922	4.181268190893602E-5	9.331659620642261E-5	4.181268190893602E-5	0.00886598942798669	4.181268190893602E-5	1.983235333279677E-4	4.181268190893602E-5	4.181268190893602E-5	4.181268190893602E-5	
[2009-mai-03,negative] : 0.7180279668997296	9.3071672477226E-5	9.3071672477226E-5	0.2457708732453051	9.3071672477226E-5	9.3071672477226E-5	0.0129491632113236	9.3071672477226E-5	2.1133089669671511E-4	9.3071672477226E-5	0.015801189555848458	9.3071672477226E-5	2.1099620077911282E-4	9.3071672477226E-5	0.0026320881544135357	3.201379758378073E-4	3.318491318850579E-4	9.3071672477226E-5	0.001903505843226583	0.001003253832659386	
[2009-mai-04,neutral] : 0.9706378016441837	3.7088188309534445E-4	3.7088188309534445E-4	3.7088188309534445E-4	3.7088188309534445E-4	3.7088188309534445E-4	0.002700760119476988	8.553780071263523E-4	3.7088188309534445E-4	3.7088188309534445E-4	0.017984703464277024	0.0012983472233720728	3.7088188309534445E-4	3.7088188309534445E-4	3.7088188309534445E-4	8.461670541980063E-4	3.7088188309534445E-4	3.7088188309534445E-4	8.553780071263523E-4	3.7088188309534445E-4	
[2009-mai-04,positive] : 0.05580438478414304	0.008802199926265606	4.389225151034886E-4	0.2144374110727534	9.25177834672326E-5	2.0923113547470225E-4	9.25177834672326E-5	9.25177834672326E-5	3.268195641607659E-4	9.25177834672326E-5	0.7073708027106007	9.25177834672326E-5	3.268195641607659E-4	6.681763563929777E-4	0.0056268354282598965	9.25177834672326E-5	0.005155736891479646	9.25177834672326E-5	9.25177834672326E-5	9.25177834672326E-5	
[2009-mai-04,negative] : 0.6617354578083388	1.9386121292204881E-4	1.9386121292204881E-4	0.2868035760066358	1.9386121292204881E-4	1.9386121292204881E-4	0.026725076934037438	1.9386121292204881E-4	1.9386121292204881E-4	1.9386121292204881E-4	0.01090930059511256	1.9386121292204881E-4	4.3610927493755277E-4	0.0031419672632657892	9.218726851973835E-4	1.9386121292204881E-4	1.9386121292204881E-4	4.3610927493755277E-4	0.0067580568153947276	1.9386121292204881E-4	
[2009-mai-09,neutral] : 0.936351733287994	0.0016006551801210779	7.203734899802326E-4	7.203734899802326E-4	7.203734899802326E-4	0.0016006551801210779	0.028423118216234722	0.0016893657380422482	0.0016532093108757554	7.203734899802326E-4	0.009598754371997588	7.203734899802326E-4	0.0016006551801210779	7.203734899802326E-4	7.203734899802326E-4	7.203734899802326E-4	7.203734899802326E-4	7.203734899802326E-4	0.007790938631873882	0.0024871800028161135	
[2009-mai-09,positive] : 0.03635109788449828	0.0024286887290002734	1.229146076076883E-4	0.2067582802193478	1.229146076076883E-4	1.229146076076883E-4	1.229146076076883E-4	4.3385988123952914E-4	1.229146076076883E-4	1.229146076076883E-4	0.7014429244185799	0.04934162239100298	1.229146076076883E-4	1.229146076076883E-4	0.0016456365774312962	1.229146076076883E-4	1.229146076076883E-4	1.229146076076883E-4	1.229146076076883E-4	1.229146076076883E-4	
[2009-mai-09,negative] : 0.7724931289436593	0.0029301885677814592	2.775973143379329E-4	0.18350268251207788	2.775973143379329E-4	2.775973143379329E-4	0.0168100874201188	2.775973143379329E-4	2.775973143379329E-4	6.210039077445263E-4	0.0193994033907441	2.775973143379329E-4	2.775973143379329E-4	2.775973143379329E-4	2.775973143379329E-4	2.775973143379329E-4	2.775973143379329E-4	2.775973143379329E-4	6.3474017148079E-4	2.775973143379329E-4	
[2009-mai-10,neutral] : 0.9688858917581586	2.742662222710424E-4	2.742662222710424E-4	2.742662222710424E-4	2.742662222710424E-4	2.742662222710424E-4	0.007494283402360766	2.742662222710424E-4	2.742662222710424E-4	2.742662222710424E-4	0.017574165280358142	6.205266100826768E-4	2.742662222710424E-4	2.742662222710424E-4	9.667869978943111E-4	6.186188393509323E-4	2.742662222710424E-4	2.742662222710424E-4	2.742662222710424E-4	2.742662222710424E-4	
[2009-mai-10,positive] : 0.02328215860998958	0.00585148228751658	1.158466513591972E-4	0.18448251346274208	5.1711197280182296E-5	1.1631068048431671E-4	5.1711197280182296E-5	5.1711197280182296E-5	3.176686440886929E-4	1.8005366875560683E-4	0.6963547663999771	0.07791960976601167	5.1711197280182296E-5	5.1711197280182296E-5	0.010862477856273397	5.1711197280182296E-5	5.1711197280182296E-5	5.1711197280182296E-5	5.1711197280182296E-5	5.1711197280182296E-5	
[2009-mai-10,negative] : 0.7003797806111699	1.2174052160063794E-4	1.2174052160063794E-4	0.2295972925020018	1.2174052160063794E-4	2.703731018622313E-4	0.036623303092234924	1.2174052160063794E-4	2.7702002470622806E-4	2.7417954599088184E-4	0.023363307101951305	1.2174052160063794E-4	1.2174052160063794E-4	0.007443684063604586	1.2174052160063794E-4	4.319142188711094E-4	1.2174052160063794E-4	1.2174052160063794E-4	1.2174052160063794E-4	1.2174052160063794E-4	
[2009-mai-11,neutral] : 0.8617904935668194	0.00424274017904397	0.001884249613006234	0.001884249613006234	0.020894562869919312	0.001884249613006234	0.001884249613006234	0.001884249613006234	0.001884249613006234	0.001884249613006234	0.023678768653287986	0.001884249613006234	0.001884249613006234	0.013657121283115102	0.001884249613006234	0.001884249613006234	0.001884249613006234	0.001884249613006234	0.001884249613006234	0.04935681886572695	
[2009-mai-11,positive] : 0.0280844036492549	0.009791004875456762	3.762190424733128E-4	0.21078649051512555	3.762190424733128E-4	3.762190424733128E-4	3.762190424733128E-4	0.0017972614416010217	0.0013022592943562614	3.762190424733128E-4	0.7401622408103758	3.762190424733128E-4	3.762190424733128E-4	0.0013160686665334633	0.0013160686665334633	3.762190424733128E-4	8.4791715568086E-4	3.762190424733128E-4	3.762190424733128E-4	8.340945003487707E-4	
[2009-mai-11,negative] : 0.7331775790510772	7.439975146064544E-4	7.439975146064544E-4	0.18725790151345292	7.439975146064544E-4	7.439975146064544E-4	0.05307059777903152	7.439975146064544E-4	7.439975146064544E-4	7.439975146064544E-4	0.004475955145910993	7.439975146064544E-4	0.001656406273730542	0.007124344401060179	7.439975146064544E-4	7.439975146064544E-4	0.0017129897626684699	7.439975146064544E-4	0.001656406273730542	0.001683847138666605	
[2009-mai-13,neutral] : 0.9555280875533996	0.0023406269708737093	0.0023406269708737093	0.0023406269708737093	0.0023406269708737093	0.0023406269708737093	0.0023406269708737093	0.0023406269708737093	0.0023406269708737093	0.0023406269708737093	0.0023406269708737093	0.0023406269708737093	0.0023406269708737093	0.0023406269708737093	0.0023406269708737093	0.0023406269708737093	0.0023406269708737093	0.0023406269708737093	0.0023406269708737093	0.0023406269708737093	
[2009-mai-13,positive] : 0.06006827958920207	0.007221042735183664	3.814971360393956E-4	0.19931117820390312	3.814971360393956E-4	3.814971360393956E-4	3.814971360393956E-4	0.004123361124368427	3.814971360393956E-4	3.814971360393956E-4	0.7225765820701106	0.001358596372680617	3.814971360393956E-4	3.814971360393956E-4	3.814971360393956E-4	3.814971360393956E-4	3.814971360393956E-4	3.814971360393956E-4	3.814971360393956E-4	3.814971360393956E-4	
[2009-mai-13,negative] : 0.46636868767397843	7.480446938027726E-4	7.480446938027726E-4	0.4143448787200279	7.480446938027726E-4	7.480446938027726E-4	0.010838836166467646	7.480446938027726E-4	7.480446938027726E-4	7.480446938027726E-4	0.00523928865515543	7.480446938027726E-4	7.480446938027726E-4	0.001653841795252048	7.480446938027726E-4	7.480446938027726E-4	0.08306244157824655	7.480446938027726E-4	7.480446938027726E-4	0.00876744439143597	
[2009-mai-14,neutral] : 0.9557878108493785	3.814363828380707E-4	3.814363828380707E-4	3.814363828380707E-4	0.0031827043731454526	3.814363828380707E-4	0.014858533905909863	8.937314648052839E-4	3.814363828380707E-4	3.814363828380707E-4	0.015624096155364618	3.814363828380707E-4	3.814363828380707E-4	3.814363828380707E-4	3.814363828380707E-4	3.814363828380707E-4	8.640618654635534E-4	3.814363828380707E-4	3.814363828380707E-4	0.0038303884090377742	
[2009-mai-14,positive] : 0.050173810883756186	0.0023896174555517744	7.565239234469317E-5	0.20310759840918033	7.565239234469317E-5	7.565239234469317E-5	7.565239234469317E-5	7.565239234469317E-5	6.412632520732001E-4	7.270706204179815E-4	0.7396471072662956	7.565239234469317E-5	7.565239234469317E-5	7.565239234469317E-5	0.001474312609831554	7.565239234469317E-5	9.313907947570937E-4	7.565239234469317E-5	7.565239234469317E-5	7.565239234469317E-5	
[2009-mai-14,negative] : 0.6746551847678691	1.5796632584969813E-4	1.5796632584969813E-4	0.275372967845609	5.501292195504855E-4	1.5796632584969813E-4	0.022488461841659438	1.5796632584969813E-4	9.353436652528342E-4	1.5796632584969813E-4	0.023196848588276094	1.5796632584969813E-4	1.5796632584969813E-4	1.5796632584969813E-4	3.599049365120568E-4	1.5796632584969813E-4	1.5796632584969813E-4	5.455632250745044E-4	1.5796632584969813E-4	1.5796632584969813E-4	
[2009-mai-16,neutral] : 0.9482875624542817	9.635533179681409E-4	9.635533179681409E-4	9.635533179681409E-4	0.00217714555097785	9.635533179681409E-4	9.635533179681409E-4	0.003175942698499114	9.635533179681409E-4	0.004925211119386581	0.01635169271053231	9.635533179681409E-4	9.635533179681409E-4	0.01159269901476848	9.635533179681409E-4	9.635533179681409E-4	9.635533179681409E-4	9.635533179681409E-4	9.635533179681409E-4	9.635533179681409E-4	
[2009-mai-16,positive] : 0.034481883357339885	0.0019660077521788254	1.588058158169441E-4	0.20675622382933984	1.588058158169441E-4	1.588058158169441E-4	1.588058158169441E-4	3.553466963200887E-4	1.588058158169441E-4	1.588058158169441E-4	0.7429979595290787	1.588058158169441E-4	1.588058158169441E-4	7.227155902530342E-4	0.010655387639869413	1.588058158169441E-4	1.588058158169441E-4	1.588058158169441E-4	1.588058158169441E-4	1.588058158169441E-4	
[2009-mai-16,negative] : 0.767395984807865	3.349862150101975E-4	3.349862150101975E-4	0.19911342877844526	3.349862150101975E-4	3.349862150101975E-4	0.019750865620491602	3.349862150101975E-4	3.349862150101975E-4	3.349862150101975E-4	0.007546598760339599	3.349862150101975E-4	3.349862150101975E-4	3.349862150101975E-4	3.349862150101975E-4	7.530464156790938E-4	3.349862150101975E-4	7.502686070367756E-4	3.349862150101975E-4	3.349862150101975E-4	
[2009-mai-17,neutral] : 0.9507420420728577	3.9189013049282297E-4	1.686758447785372E-4	1.686758447785372E-4	1.686758447785372E-4	1.686758447785372E-4	0.002557533984210207	1.686758447785372E-4	1.686758447785372E-4	1.686758447785372E-4	0.03179293280294104	1.686758447785372E-4	1.686758447785372E-4	0.0010146995334418198	1.686758447785372E-4	3.7770594511298537E-4	0.0010744729462278126	1.686758447785372E-4	1.686758447785372E-4	0.01002461244737318	
[2009-mai-17,positive] : 0.05142260151743183	0.003407465366802875	3.187851644909304E-5	0.21279115762561193	3.187851644909304E-5	3.187851644909304E-5	3.187851644909304E-5	3.187851644909304E-5	3.187851644909304E-5	7.117433537395943E-5	0.7265067824780704	1.1465997340273542E-4	7.254214689801952E-5	3.187851644909304E-5	0.005192194110185372	3.187851644909304E-5	3.187851644909304E-5	3.187851644909304E-5	3.187851644909304E-5	7.075876528268557E-5	
[2009-mai-17,negative] : 0.7285597201942682	1.7606657384870128E-4	7.622631825764697E-5	0.22148114871413993	7.622631825764697E-5	7.622631825764697E-5	0.026787039224547476	7.622631825764697E-5	7.622631825764697E-5	7.622631825764697E-5	0.013786187284780604	7.622631825764697E-5	4.525882770287786E-4	0.007301718192834109	7.622631825764697E-5	2.597799159081609E-4	7.622631825764697E-5	7.622631825764697E-5	2.611821833011526E-4	1.7230625676648633E-4	
[2009-mai-18,neutral] : 0.954752864752826	3.9190679234463605E-4	1.7027558667087722E-4	1.7027558667087722E-4	3.8322277576798106E-4	1.7027558667087722E-4	0.013590412258580977	3.8322277576798106E-4	1.7027558667087722E-4	1.7027558667087722E-4	0.020732067407510286	5.947238039883646E-4	1.7027558667087722E-4	1.7027558667087722E-4	0.0014038816118624108	1.7027558667087722E-4	1.7027558667087722E-4	1.7027558667087722E-4	1.7027558667087722E-4	0.005894666367971819	
[2009-mai-18,positive] : 0.04503145058533631	0.006094711770652892	3.318688214762816E-5	0.20485441622890752	7.452286098360699E-5	3.318688214762816E-5	3.318688214762816E-5	2.3878120173239254E-4	3.318688214762816E-5	7.452286098360699E-5	0.7406319476872124	7.495099841892786E-5	3.318688214762816E-5	7.495099841892786E-5	9.353439823377848E-4	3.318688214762816E-5	0.0015732884715662354	3.318688214762816E-5	7.561729626846998E-5	3.318688214762816E-5	
[2009-mai-18,negative] : 0.6735430906835064	1.553320615019196E-4	7.064371461845075E-5	0.2935489767047495	2.479045601420018E-4	7.064371461845075E-5	0.013706714641086613	7.064371461845075E-5	2.4687042139708124E-4	7.064371461845075E-5	0.015679387346964096	7.064371461845075E-5	2.450460901380714E-4	0.0013262222998020547	7.064371461845075E-5	1.639969633115053E-4	4.158039675930462E-4	7.064371461845075E-5	1.555045428601344E-4	7.064371461845075E-5	
[2009-mai-21,neutral] : 0.9066354053583157	0.0028610965917467463	0.0028610965917467463	0.0028610965917467463	0.010003953734603893	0.0028610965917467463	0.0028610965917467463	0.0028610965917467463	0.009721998847385848	0.0028610965917467463	0.024289668020318178	0.0028610965917467463	0.0028610965917467463	0.0028610965917467463	0.0028610965917467463	0.0028610965917467463	0.0028610965917467463	0.0028610965917467463	0.0028610965917467463	0.0064325251631753184	
[2009-mai-21,positive] : 0.017936854959784983	0.0036383390149966792	6.080359846936494E-4	0.19829423804394328	6.080359846936494E-4	6.080359846936494E-4	6.080359846936494E-4	6.080359846936494E-4	6.080359846936494E-4	6.080359846936494E-4	0.7696794488735754	6.080359846936494E-4	6.080359846936494E-4	6.080359846936494E-4	6.080359846936494E-4	6.080359846936494E-4	0.0013305793372948055	6.080359846936494E-4	6.080359846936494E-4	6.080359846936494E-4	
[2009-mai-21,negative] : 0.6676109169939931	0.0031166429100115403	0.0013805317989004282	0.26862291756023604	0.0046700054831109545	0.0013805317989004282	0.02151515532955806	0.0013805317989004282	0.0013805317989004282	0.0013805317989004282	0.006430568863392645	0.0013805317989004282	0.0013805317989004282	0.003092860566023716	0.0013805317989004282	0.0013805317989004282	0.0013805317989004282	0.0013805317989004282	0.008374550706868787	0.0013805317989004282	
[2009-mai-22,neutral] : 0.9515347570221282	1.614280083299701E-4	1.614280083299701E-4	1.614280083299701E-4	0.008415751596226454	1.614280083299701E-4	0.011720701797406306	1.614280083299701E-4	7.683074838129738E-4	1.614280083299701E-4	0.02211052821086733	3.6634604111685534E-4	3.601561482345806E-4	5.712640739037406E-4	0.0011575120136172474	3.564358086419826E-4	1.614280083299701E-4	1.614280083299701E-4	1.614280083299701E-4	0.0011853877290746138	
[2009-mai-22,positive] : 0.03921553391964244	0.004198696988649206	3.098072257564505E-4	0.21516281458134984	3.215016843837624E-5	3.215016843837624E-5	1.1216445145510341E-4	1.128213526913611E-4	3.215016843837624E-5	3.215016843837624E-5	0.73023798636089	3.215016843837624E-5	7.310691811072227E-5	3.215016843837624E-5	0.008254283737633218	3.215016843837624E-5	0.0019611801166211137	3.215016843837624E-5	3.215016843837624E-5	7.22528312551873E-5	
[2009-mai-22,negative] : 0.699363104626074	7.669318546014704E-5	7.669318546014704E-5	0.2584342122944343	7.669318546014704E-5	7.669318546014704E-5	0.02564405951944595	7.669318546014704E-5	1.735924102663486E-4	3.6519388031217443E-4	0.014279649394397083	7.669318546014704E-5	7.669318546014704E-5	1.7419708561615329E-4	7.669318546014704E-5	2.6367897454017696E-4	7.669318546014704E-5	7.669318546014704E-5	4.586867748521894E-4	7.669318546014704E-5	
[2009-mai-23,neutral] : 0.40625	0.031249999999999997	0.031249999999999997	0.031249999999999997	0.031249999999999997	0.031249999999999997	0.031249999999999997	0.031249999999999997	0.031249999999999997	0.031249999999999997	0.031249999999999997	0.031249999999999997	0.031249999999999997	0.031249999999999997	0.031249999999999997	0.031249999999999997	0.031249999999999997	0.031249999999999997	0.031249999999999997	0.031249999999999997	
[2009-mai-23,positive] : 0.017291666666666667	0.017291666666666667	0.017291666666666667	0.11937500000000002	0.017291666666666667	0.017291666666666667	0.017291666666666667	0.017291666666666667	0.017291666666666667	0.017291666666666667	0.4860416666666667	0.017291666666666667	0.017291666666666667	0.017291666666666667	0.017291666666666667	0.017291666666666667	0.017291666666666667	0.10062500000000002	0.017291666666666667	0.017291666666666667	
[2009-mai-23,negative] : 0.41250000000000003	0.016666666666666666	0.016666666666666666	0.12083333333333335	0.016666666666666666	0.016666666666666666	0.18333333333333335	0.016666666666666666	0.016666666666666666	0.016666666666666666	0.016666666666666666	0.016666666666666666	0.016666666666666666	0.016666666666666666	0.016666666666666666	0.016666666666666666	0.016666666666666666	0.016666666666666666	0.016666666666666666	0.016666666666666666	
[2009-mai-25,neutral] : 0.12916666666666668	0.04583333333333333	0.04583333333333333	0.04583333333333333	0.04583333333333333	0.04583333333333333	0.04583333333333333	0.04583333333333333	0.04583333333333333	0.04583333333333333	0.04583333333333333	0.04583333333333333	0.04583333333333333	0.04583333333333333	0.04583333333333333	0.04583333333333333	0.04583333333333333	0.04583333333333333	0.04583333333333333	0.04583333333333333	
[2009-mai-25,positive] : 0.006851365546218488	0.025080532212885157	0.006851365546218488	0.11808648459383751	0.006851365546218488	0.006851365546218488	0.006851365546218488	0.006851365546218488	0.006851365546218488	0.006851365546218488	0.6258289565826329	0.006851365546218488	0.006851365546218488	0.006851365546218488	0.08100665266106442	0.006851365546218488	0.006851365546218488	0.047226890756302514	0.006851365546218488	0.006851365546218488	
[2009-mai-25,negative] : 0.11708333333333334	0.025416666666666664	0.025416666666666664	0.40041666666666664	0.025416666666666664	0.025416666666666664	0.025416666666666664	0.025416666666666664	0.025416666666666664	0.025416666666666664	0.025416666666666664	0.025416666666666664	0.025416666666666664	0.025416666666666664	0.025416666666666664	0.025416666666666664	0.025416666666666664	0.025416666666666664	0.025416666666666664	0.05041666666666668	
[2009-mai-26,neutral] : 0.9453147082812463	7.731419721284498E-4	7.731419721284498E-4	7.731419721284498E-4	7.731419721284498E-4	7.731419721284498E-4	0.002674970041085988	7.731419721284498E-4	7.731419721284498E-4	7.731419721284498E-4	0.00834578649715137	7.731419721284498E-4	7.731419721284498E-4	7.731419721284498E-4	0.007358260375048045	7.731419721284498E-4	7.731419721284498E-4	7.731419721284498E-4	0.0036682876876171274	0.02181399950805285	
[2009-mai-26,positive] : 0.04743471520855799	0.0012849037783077436	2.888878420527636E-4	0.18803536078101094	1.2924544103105223E-4	2.9243081962113056E-4	1.2924544103105223E-4	0.001779567648761853	1.2924544103105223E-4	1.2924544103105223E-4	0.7587212519372301	1.2924544103105223E-4	1.2924544103105223E-4	1.2924544103105223E-4	4.5064636950428646E-4	1.2924544103105223E-4	1.2924544103105223E-4	2.905357636116974E-4	1.2924544103105223E-4	1.2924544103105223E-4	
[2009-mai-26,negative] : 0.7303658574104749	8.745265165738689E-4	2.479601005337686E-4	0.23776126230986924	5.427714212884857E-4	5.427714212884857E-4	0.011513440541847568	2.479601005337686E-4	2.479601005337686E-4	2.479601005337686E-4	0.01426789875694855	2.479601005337686E-4	2.479601005337686E-4	2.479601005337686E-4	2.479601005337686E-4	2.479601005337686E-4	2.479601005337686E-4	2.479601005337686E-4	0.0011559504153037445	2.479601005337686E-4	
[2009-mai-27,neutral] : 0.8141832646520145	0.007109088827838829	0.007109088827838829	0.007109088827838829	0.007109088827838829	0.007109088827838829	0.057853136446886444	0.007109088827838829	0.007109088827838829	0.007109088827838829	0.007109088827838829	0.007109088827838829	0.007109088827838829	0.007109088827838829	0.007109088827838829	0.007109088827838829	0.007109088827838829	0.007109088827838829	0.007109088827838829	0.007109088827838829	
[2009-mai-27,positive] : 0.0658995558945032	0.0016701536960722397	0.0016701536960722397	0.1659559113412049	0.0016701536960722397	0.0016701536960722397	0.0016701536960722397	0.0016701536960722397	0.0016701536960722397	0.005927007952926497	0.7293046525386163	0.0016701536960722397	0.0016701536960722397	0.0016701536960722397	0.00590744183166546	0.0016701536960722397	0.0016701536960722397	0.0016701536960722397	0.0016701536960722397	0.0036232786960722404	
[2009-mai-27,negative] : 0.6598311944645808	0.0035803964432618855	0.0035803964432618855	0.19537631253054794	0.0035803964432618855	0.0035803964432618855	0.0035803964432618855	0.0035803964432618855	0.0035803964432618855	0.0035803964432618855	0.020534419431767634	0.0035803964432618855	0.0035803964432618855	0.0669717304809134	0.0035803964432618855	0.0035803964432618855	0.0035803964432618855	0.0035803964432618855	0.0035803964432618855	0.0035803964432618855	
[2009-mai-28,neutral] : 0.9500348317362922	0.0010321604263467494	0.0027517208749188223	4.4530596625285264E-4	4.4530596625285264E-4	4.4530596625285264E-4	0.008648517753724537	0.0015370090230214116	4.4530596625285264E-4	4.4530596625285264E-4	0.026443744752160155	0.0015573705103803627	4.4530596625285264E-4	4.4530596625285264E-4	4.4530596625285264E-4	4.4530596625285264E-4	4.4530596625285264E-4	4.4530596625285264E-4	0.002650973328121587	4.4530596625285264E-4	
[2009-mai-28,positive] : 0.051254186043386114	9.146973650636739E-4	8.293138021655013E-5	0.1983197229299432	8.293138021655013E-5	8.293138021655013E-5	8.293138021655013E-5	7.278153011107891E-4	8.293138021655013E-5	8.293138021655013E-5	0.7405260521819527	8.293138021655013E-5	8.293138021655013E-5	8.293138021655013E-5	0.007096486855511873	8.293138021655013E-5	8.293138021655013E-5	8.293138021655013E-5	8.293138021655013E-5	8.293138021655013E-5	
[2009-mai-28,negative] : 0.7687005781778078	1.8032567939301928E-4	1.8032567939301928E-4	0.19317008929380483	6.260491179308558E-4	1.8032567939301928E-4	0.0136090801978354	1.8032567939301928E-4	1.8032567939301928E-4	0.003144783899910198	0.01711485626657461	1.8032567939301928E-4	1.8032567939301928E-4	1.8032567939301928E-4	1.8032567939301928E-4	6.125943689426528E-4	1.8032567939301928E-4	1.8032567939301928E-4	8.580605244775511E-4	1.8032567939301928E-4	
[2009-mai-29,neutral] : 0.9560209398534862	5.142422719909864E-4	1.0350842752220203E-4	1.0350842752220203E-4	0.006836422444626925	1.0350842752220203E-4	0.0058032444321955414	1.0350842752220203E-4	1.0350842752220203E-4	1.0350842752220203E-4	0.020820552316795537	2.384976283861329E-4	8.652176803478675E-4	1.0350842752220203E-4	1.0350842752220203E-4	2.384976283861329E-4	1.0350842752220203E-4	1.0350842752220203E-4	1.0350842752220203E-4	0.007523793041040423	
[2009-mai-29,positive] : 0.053250027158833174	0.005222584311106022	0.0010076655985592356	0.2036463945494489	1.905395597479631E-5	1.905395597479631E-5	1.905395597479631E-5	1.905395597479631E-5	6.552370767326573E-5	1.905395597479631E-5	0.7308798009932443	1.905395597479631E-5	1.905395597479631E-5	1.905395597479631E-5	0.005633195933250986	6.616027618651142E-5	1.905395597479631E-5	1.905395597479631E-5	1.905395597479631E-5	1.905395597479631E-5	
[2009-mai-29,negative] : 0.7241165968629921	3.99548853786781E-5	3.99548853786781E-5	0.2231346586485684	3.99548853786781E-5	3.99548853786781E-5	0.033150249872325024	3.99548853786781E-5	3.99548853786781E-5	3.99548853786781E-5	0.018522618356724883	3.99548853786781E-5	3.99548853786781E-5	3.99548853786781E-5	8.882118717695801E-5	3.99548853786781E-5	3.99548853786781E-5	3.99548853786781E-5	3.78839470971242E-4	8.880209131849834E-5	
[2009-mai-30,neutral] : 0.9094857778961167	6.329080315052377E-5	1.4701484869640455E-4	6.329080315052377E-5	0.05149305148322449	6.329080315052377E-5	0.01384651160562902	6.329080315052377E-5	2.2384336744256313E-4	6.329080315052377E-5	0.02228978206301077	9.675643368759691E-4	2.1694784064284092E-4	6.329080315052377E-5	6.329080315052377E-5	6.329080315052377E-5	6.329080315052377E-5	6.329080315052377E-5	1.4569027579389886E-4	5.509082510618941E-4	
[2009-mai-30,positive] : 0.04096389118941088	0.003195743177840507	2.627711556520601E-5	0.22394277452676853	1.1852929089323245E-5	1.1852929089323245E-5	1.1852929089323245E-5	1.1542189524772775E-4	7.284341457358769E-5	0.006395607072539854	0.7188620394622252	2.693497542136958E-5	1.1852929089323245E-5	1.1852929089323245E-5	0.0062054218823947805	7.141856141953373E-5	2.6803293878224098E-5	1.1852929089323245E-5	1.1852929089323245E-5	1.1852929089323245E-5	
[2009-mai-30,negative] : 0.719981726238776	6.293969259877728E-5	2.7377814931636454E-5	0.2342677267014287	2.7377814931636454E-5	2.7377814931636454E-5	0.029836725783021486	2.7377814931636454E-5	2.7377814931636454E-5	2.7377814931636454E-5	0.014867564681319004	2.7377814931636454E-5	2.7377814931636454E-5	2.7377814931636454E-5	2.7377814931636454E-5	2.7377814931636454E-5	6.063133980527306E-5	6.063133980527306E-5	4.2834812527116345E-4	1.325501337262463E-4	
[2009-mai-31,neutral] : 0.947428079006255	0.013869421911939434	6.29469486727606E-5	6.29469486727606E-5	0.011634708438357844	6.29469486727606E-5	0.005181460821187208	6.29469486727606E-5	6.29469486727606E-5	6.29469486727606E-5	0.020066871936056132	3.055331355150123E-4	6.29469486727606E-5	2.96792196968876E-4	1.4448641377386954E-4	6.29469486727606E-5	6.29469486727606E-5	6.29469486727606E-5	6.29469486727606E-5	3.8022970454611307E-4	
[2009-mai-31,positive] : 0.0388011257436279	0.0024468126525658157	1.2625926833890077E-5	0.22210822556055562	1.2625926833890077E-5	1.2625926833890077E-5	1.2625926833890077E-5	1.2625926833890077E-5	1.2625926833890077E-5	6.059082103371801E-5	0.7141267836461087	1.2625926833890077E-5	5.888795496120318E-5	1.2625926833890077E-5	0.006442915894861932	0.015803146604278485	1.2625926833890077E-5	1.2625926833890077E-5	1.2625926833890077E-5	1.2625926833890077E-5	
[2009-mai-31,negative] : 0.713505740767095	3.023068468161537E-5	3.023068468161537E-5	0.24213122427427744	3.023068468161537E-5	3.023068468161537E-5	0.0246691589359119	6.87633603906166E-5	6.710384102379826E-5	3.023068468161537E-5	0.0156671392470867	3.023068468161537E-5	3.023068468161537E-5	0.0029418786639426346	3.023068468161537E-5	3.023068468161537E-5	6.807506857504559E-5	3.023068468161537E-5	4.3775884117242745E-4	1.4085015370816404E-4	
[2009-jun-01,neutral] : 0.9645558289366246	0.002939105683471139	1.3410811802323647E-4	5.81664412310129E-5	5.81664412310129E-5	1.3415428317630165E-4	0.0014861916746518658	5.81664412310129E-5	5.81664412310129E-5	5.81664412310129E-5	0.029153968524589742	4.783345084579037E-4	5.81664412310129E-5	5.81664412310129E-5	5.81664412310129E-5	5.81664412310129E-5	1.336951421373573E-4	5.81664412310129E-5	5.81664412310129E-5	3.447822753266073E-4	
[2009-jun-01,positive] : 0.048865689710669444	0.006291632358880757	2.6776421893522124E-5	0.20586705308822675	1.1939626641296606E-5	1.1939626641296606E-5	1.1939626641296606E-5	4.168464948909719E-5	1.1939626641296606E-5	1.1939626641296606E-5	0.7169208538528098	1.1939626641296606E-5	2.7228276347754532E-5	1.1939626641296606E-5	0.007718956307070052	0.014108789441558708	1.1939626641296606E-5	1.1939626641296606E-5	1.1939626641296606E-5	1.1939626641296606E-5	
