[2011-jan-29,neutral] : 0.364801959095729	7.292109254625402E-6	2.394349979493774E-6	0.40822679823765595	1.1946086077820822E-5	2.394349979493774E-6	7.048326802689195E-6	0.14472305155710066	0.08220982377816564	7.292109254625402E-6	
[2011-jan-29,positive] : 0.37505985313628704	0.15226538309794085	0.364195397326694	1.307229972914266E-6	3.92434591115033E-6	2.7251999548376614E-5	0.0654628407953887	1.307229972914266E-6	0.03229554452370115	0.010687190314582911	
[2011-jan-29,negative] : 0.7932051342014399	2.484781733211615E-6	2.484781733211615E-6	2.484781733211615E-6	0.015653751361060737	0.05514184950698449	7.448299874870424E-6	0.12626705435101288	0.009714823152694363	2.484781733211615E-6	
[2011-jan-27,neutral] : 0.3957118169088517	3.5245372601462906E-6	3.5245372601462906E-6	0.38942784613935416	3.5245372601462906E-6	3.5245372601462906E-6	1.067863655904456E-5	0.13294330450089462	0.08188157702874087	1.067863655904456E-5	
[2011-jan-27,positive] : 0.3982789000979251	0.20244335228342028	0.27268698307137906	2.240470242699066E-6	2.240470242699066E-6	1.1236535185845135E-4	0.10951266531736252	2.004102700689146E-5	0.0030052523852653152	0.013935959525297003	
[2011-jan-27,negative] : 0.8322492610089368	3.7641462721055185E-6	1.117484732442507E-5	1.1377972981409615E-5	1.117484732442507E-5	0.016646440296878368	3.7641462721055185E-6	0.13242521703989524	9.247406152836955E-4	0.017713085078831306	
[2011-jan-28,neutral] : 0.39325303923545074	2.0200377798483214E-6	6.072394225121247E-6	0.40278538640562295	5.0896210823924814E-5	2.0200377798483214E-6	2.0200377798483214E-6	0.12521282719004637	0.07868369841271151	2.0200377798483214E-6	
[2011-jan-28,positive] : 0.38104758567156427	0.1783794316676576	0.3056895797830369	1.2286041061964026E-6	1.2286041061964026E-6	8.615709530995121E-6	0.10276573441739387	1.2286041061964026E-6	0.02164866540697551	0.010456701531522162	
[2011-jan-28,negative] : 0.8017199249795045	2.2333134603725738E-6	5.0721367766993404E-5	2.2333134603725738E-6	0.007232416882394328	0.030948388067943734	2.2333134603725738E-6	0.13761596157081968	0.006666481898792287	0.015759405292397395	
[2011-jan-25,neutral] : 0.40494497169971383	2.098482250680443E-6	2.098482250680443E-6	0.37533831880528334	6.39106466826286E-6	2.098482250680443E-6	6.310782166434445E-6	0.13560072575536086	0.08409488796380458	2.098482250680443E-6	
[2011-jan-25,positive] : 0.3731238794705892	0.19137283220162324	0.2946800581990031	3.84061926486563E-6	1.29378943130096E-6	8.484946658974309E-4	0.11905011274693504	3.901011436254681E-6	0.014235713208947818	0.006679874086871646	
[2011-jan-25,negative] : 0.7938350735859777	6.716430845348546E-6	3.321424281119432E-5	2.2380502277798575E-6	0.011553257432752258	0.0354418037647652	2.2380502277798575E-6	0.12822244738824962	0.006840623164982816	0.024062387889160312	
[2011-jan-26,neutral] : 0.39822931559453856	1.3701208244016017E-5	5.885960696049933E-6	0.3960790661069923	5.82863724549212E-6	1.978336922066893E-6	1.978336922066893E-6	0.12391416980594694	0.08174609767557042	1.978336922066893E-6	
[2011-jan-26,positive] : 0.3600505852994832	0.18408651826287495	0.29070215439267755	1.2212103855929425E-6	1.2212103855929425E-6	4.988589137839059E-4	0.1532350707411378	8.594012710529262E-6	0.005196950498740002	0.006218825457820858	
[2011-jan-26,negative] : 0.8036699419188587	2.0852784505816572E-6	6.2720065225933804E-6	2.0852784505816572E-6	1.897966740165128E-5	0.02889391320232948	2.0852784505816572E-6	0.13265757453176721	0.002612372016455052	0.03213469082131347	
