PositiveNum + NegativeNum = 197085	PositiveNum = 107098	NegativeNum = 89987
TP=84013	FN=23085	TN=45781	FP=44206	
Accuracy: 0.658568637897354
Precision: 0.6552305040594608
Recall: 0.7844497562979701
F1: 0.714041059506963
