PositiveNum + NegativeNum = 195946	PositiveNum = 106801	NegativeNum = 89145
TP=80132	FN=26669	TN=47469	FP=41676	
Accuracy: 0.6512049238055383
Precision: 0.6578549848942599
Recall: 0.7502926002565519
F1: 0.701039766588367
