[2009-apr-06,neutral] : 0.9479656383751918	0.0016910414816011198	0.0016910414816011198	0.02861531938948559	0.004969730006191284	0.004969730006191284	0.0016910414816011198	0.0016910414816011198	0.005024374814934453	0.0016910414816011198	
[2009-apr-06,positive] : 0.7679932743050509	5.576742735030134E-4	0.04733581878396871	0.0038363627980931778	0.03043233688294066	0.14650886348674091	0.001662646649193621	5.576742735030134E-4	5.576742735030134E-4	5.576742735030134E-4	
[2009-apr-06,negative] : 0.9248285978727153	0.0011596197919727332	0.05922611212317095	0.003432347064700006	0.0011596197919727332	0.0011596197919727332	0.0011596197919727332	0.0011596197919727332	0.005555224187577129	0.0011596197919727332	
[2009-apr-07,neutral] : 0.9970671931422203	3.2586742864218634E-4	3.2586742864218634E-4	3.2586742864218634E-4	3.2586742864218634E-4	3.2586742864218634E-4	3.2586742864218634E-4	3.2586742864218634E-4	3.2586742864218634E-4	3.2586742864218634E-4	
[2009-apr-07,positive] : 0.6396847260605243	3.2572696844967324E-4	0.06832317777462846	1.092767519994568E-4	1.092767519994568E-4	0.2888443227980481	1.092767519994568E-4	1.092767519994568E-4	7.60511123200688E-4	0.0016244282671509717	
[2009-apr-07,negative] : 0.9285718015953363	2.0987288280857686E-4	0.06762849608675113	0.0010502090172623585	6.399804096902974E-4	6.399804096902974E-4	2.0987288280857686E-4	2.0987288280857686E-4	6.300409500354677E-4	2.0987288280857686E-4	
[2009-apr-17,neutral] : 0.9809701046763	0.002114432813744453	0.002114432813744453	0.002114432813744453	0.002114432813744453	0.002114432813744453	0.002114432813744453	0.002114432813744453	0.002114432813744453	0.002114432813744453	
[2009-apr-17,positive] : 0.7767654940723051	6.589714982903838E-4	0.0019747609719745944	0.008562652268844218	6.589714982903838E-4	0.20077557941365992	6.589714982903838E-4	0.0019410227803416658	6.589714982903838E-4	0.007344604499712859	
[2009-apr-17,negative] : 0.9135708415063558	0.0018494932583609947	0.07163321242675633	0.0018494932583609947	0.0018494932583609947	0.0018494932583609947	0.0018494932583609947	0.0018494932583609947	0.0018494932583609947	0.0018494932583609947	
[2009-apr-18,neutral] : 0.9949311732940599	3.363988436153385E-4	3.363988436153385E-4	3.363988436153385E-4	0.001690350733649703	3.363988436153385E-4	3.363988436153385E-4	3.363988436153385E-4	3.363988436153385E-4	0.001023684066983036	
[2009-apr-18,positive] : 0.7301499652759894	9.405932439914637E-5	0.01909302443803424	4.7267209294902184E-4	9.405932439914637E-5	0.24953236498584452	9.405932439914637E-5	9.405932439914637E-5	9.405932439914637E-5	2.816765851871389E-4	
[2009-apr-18,negative] : 0.8848976054412706	2.060575172343995E-4	0.10973149277444658	6.209952765704992E-4	0.001878856911790625	2.060575172343995E-4	2.060575172343995E-4	2.060575172343995E-4	0.0018407620097496574	2.060575172343995E-4	
[2009-apr-19,neutral] : 0.9955765747406176	1.9233539633063606E-4	1.9233539633063606E-4	1.9233539633063606E-4	1.9233539633063606E-4	1.9233539633063606E-4	1.9233539633063606E-4	1.9233539633063606E-4	1.9233539633063606E-4	0.0028847420887373283	
[2009-apr-19,positive] : 0.7176436295252916	6.656217532791003E-5	0.034404365510104694	6.027552048185267E-4	9.986527212666584E-4	0.2442946606785638	6.656217532791003E-5	6.656217532791003E-5	6.656217532791003E-5	0.0017896876586430595	
[2009-apr-19,negative] : 0.8912448835430696	1.3452737351473683E-4	0.10686698948505062	1.3452737351473683E-4	9.464353572765771E-4	1.3452737351473683E-4	1.3452737351473683E-4	1.3452737351473683E-4	1.3452737351473683E-4	1.3452737351473683E-4	
[2009-apr-20,neutral] : 0.9899122172803834	2.900828362937589E-4	2.900828362937589E-4	8.697929812212953E-4	2.900828362937589E-4	0.007187409884339019	2.900828362937589E-4	2.900828362937589E-4	2.900828362937589E-4	2.900828362937589E-4	
[2009-apr-20,positive] : 0.6897278405094373	3.0139895873212464E-4	0.040079742014379735	1.0099815712891818E-4	0.022310669684333716	0.24687811938869544	1.0099815712891818E-4	1.0099815712891818E-4	1.0099815712891818E-4	2.982368159060385E-4	
[2009-apr-20,negative] : 0.8825538030733101	1.9396061891170248E-4	0.11400702800984745	0.0020814445844605386	1.9396061891170248E-4	1.9396061891170248E-4	1.9396061891170248E-4	1.9396061891170248E-4	1.9396061891170248E-4	1.9396061891170248E-4	
[2009-apr-21,neutral] : 0.981880572844459	5.82322055396596E-4	5.82322055396596E-4	0.013460850712368366	5.82322055396596E-4	5.82322055396596E-4	5.82322055396596E-4	5.82322055396596E-4	5.82322055396596E-4	5.82322055396596E-4	
[2009-apr-21,positive] : 0.6742030795220141	1.9494804576006535E-4	0.035299909266497405	1.9494804576006535E-4	0.014974636424776904	0.27280074713279445	1.9494804576006535E-4	1.9494804576006535E-4	1.9494804576006535E-4	0.0017468874251168256	
[2009-apr-21,negative] : 0.8778882017453447	3.456847385418814E-4	0.09707307771593486	0.02053559403559404	3.456847385418814E-4	3.456847385418814E-4	3.456847385418814E-4	3.456847385418814E-4	0.002429018071875215	3.456847385418814E-4	
[2009-mai-01,neutral] : 0.9936325828086566	7.074907990381463E-4	7.074907990381463E-4	7.074907990381463E-4	7.074907990381463E-4	7.074907990381463E-4	7.074907990381463E-4	7.074907990381463E-4	7.074907990381463E-4	7.074907990381463E-4	
[2009-mai-01,positive] : 0.7982676062057182	2.518297292489851E-4	0.0012534343022821298	2.518297292489851E-4	2.518297292489851E-4	0.1937230175030013	2.518297292489851E-4	7.620338108816383E-4	2.518297292489851E-4	0.004734759531871882	
[2009-mai-01,negative] : 0.9047008641241288	4.799462281811621E-4	0.09050718509804098	4.799462281811621E-4	0.0014323271805621147	4.799462281811621E-4	4.799462281811621E-4	4.799462281811621E-4	4.799462281811621E-4	4.799462281811621E-4	
[2009-mai-02,neutral] : 0.9977332717904698	1.7429208825839424E-4	1.7429208825839424E-4	1.7429208825839424E-4	5.215143104806165E-4	5.251692812408504E-4	1.7429208825839424E-4	1.7429208825839424E-4	1.7429208825839424E-4	1.7429208825839424E-4	
[2009-mai-02,positive] : 0.701488764094721	6.081068794526706E-5	0.016245826400034934	6.619949002871911E-4	7.844314132248915E-4	0.28039245577772515	1.8328466222573248E-4	6.081068794526706E-5	6.081068794526706E-5	6.081068794526706E-5	
[2009-mai-02,negative] : 0.8755068338022103	1.2750008224709746E-4	0.11863926592032474	0.004458887138921251	6.300126450611679E-4	1.2750008224709746E-4	1.2750008224709746E-4	1.2750008224709746E-4	1.2750008224709746E-4	1.2750008224709746E-4	
[2009-mai-03,neutral] : 0.9884128121042879	1.3962888660162286E-4	1.3962888660162286E-4	0.0025942889874904047	4.217163337102266E-4	1.3962888660162286E-4	1.3962888660162286E-4	1.3962888660162286E-4	1.3962888660162286E-4	0.007733409254901777	
[2009-mai-03,positive] : 0.7052354696607669	4.78564808088839E-5	0.020534421198093743	5.25869695664204E-4	1.4396412136630823E-4	0.2719837358053436	4.78564808088839E-5	4.78564808088839E-5	4.78564808088839E-5	0.001385113595529792	
[2009-mai-03,negative] : 0.8816585047259892	9.996415512006391E-5	0.1155654858583856	4.954188693976798E-4	9.996415512006391E-5	6.946123216215506E-4	9.996415512006391E-5	0.0010861574490056655	9.996415512006391E-5	9.996415512006391E-5	
[2009-mai-04,neutral] : 0.9969448769598117	2.7650564469199724E-4	2.7650564469199724E-4	8.430778826523372E-4	2.7650564469199724E-4	2.7650564469199724E-4	2.7650564469199724E-4	2.7650564469199724E-4	2.7650564469199724E-4	2.7650564469199724E-4	
[2009-mai-04,positive] : 0.6851017540446175	1.0112710197792815E-4	0.044393573941919326	1.0112710197792815E-4	0.02495987912586121	0.24169915795963334	1.0112710197792815E-4	7.058789422318952E-4	1.0112710197792815E-4	0.0027352475778250228	
[2009-mai-04,negative] : 0.8849031423253297	2.1362261357241635E-4	0.11127540071514992	0.0010557278767303112	2.1362261357241635E-4	0.0010629407697766314	2.1362261357241635E-4	2.1362261357241635E-4	2.1362261357241635E-4	6.346752451513637E-4	
[2009-mai-09,neutral] : 0.99437775974294	5.089526211548131E-4	5.089526211548131E-4	5.089526211548131E-4	5.089526211548131E-4	0.0015506192878214798	5.089526211548131E-4	5.089526211548131E-4	5.089526211548131E-4	5.089526211548131E-4	
[2009-mai-09,positive] : 0.7198236530806249	0.030393241651287418	0.0062658159957299465	0.017266542801881224	1.33875183800128E-4	0.22316598289111278	1.33875183800128E-4	1.33875183800128E-4	4.0233155963905425E-4	0.0022808064683243015	
[2009-mai-09,negative] : 0.8942719367067327	3.0289486365016354E-4	0.10027580198799131	3.0289486365016354E-4	0.002108755669510969	3.0289486365016354E-4	3.0289486365016354E-4	3.0289486365016354E-4	0.0015261364538642307	3.0289486365016354E-4	
[2009-mai-10,neutral] : 0.9943752059583156	1.825687338258296E-4	1.825687338258296E-4	0.001624010175267271	1.825687338258296E-4	1.825687338258296E-4	1.825687338258296E-4	1.825687338258296E-4	1.825687338258296E-4	0.002722802729636385	
[2009-mai-10,positive] : 0.7233212143835633	0.036618266348456066	0.011094727044080203	5.8033069667648256E-5	2.8991712763866276E-4	0.22570893020596575	5.8033069667648256E-5	5.8033069667648256E-5	1.739750986531555E-4	0.0026188705826398016	
[2009-mai-10,negative] : 0.8869679430555474	1.3253405254068376E-4	0.11144512201805967	1.3253405254068376E-4	1.3253405254068376E-4	3.9603866387138205E-4	1.3253405254068376E-4	3.956919472775259E-4	1.3253405254068376E-4	1.3253405254068376E-4	
[2009-mai-11,neutral] : 0.9852964912280701	0.0013374269005847956	0.0013374269005847956	0.0013374269005847956	0.0013374269005847956	0.004004093567251463	0.0013374269005847956	0.0013374269005847956	0.0013374269005847956	0.0013374269005847956	
[2009-mai-11,positive] : 0.7522661802772109	4.1829528954746235E-4	0.011256693724925307	4.1829528954746235E-4	0.0012551153732294708	0.2319122388873495	4.1829528954746235E-4	4.1829528954746235E-4	4.1829528954746235E-4	0.0012182952895474623	
[2009-mai-11,negative] : 0.9265782301386297	8.081188349773394E-4	0.06365103405758464	8.081188349773394E-4	0.002461011396960811	8.081188349773394E-4	8.081188349773394E-4	8.081188349773394E-4	0.002461011396960811	8.081188349773394E-4	
[2009-mai-13,neutral] : 0.981293939492442	0.0014610481190788674	0.0014610481190788674	0.004200774146476128	0.0014610481190788674	0.004277949527529573	0.0014610481190788674	0.0014610481190788674	0.0014610481190788674	0.0014610481190788674	
[2009-mai-13,positive] : 0.7610247869735522	4.465922208850565E-4	0.03446445258398075	0.0022087067583299903	4.465922208850565E-4	0.1996225003588266	4.465922208850565E-4	4.465922208850565E-4	4.465922208850565E-4	4.465922208850565E-4	
[2009-mai-13,negative] : 0.9369974135669674	7.81987430545052E-4	0.008528966819315486	0.003956590605148227	7.81987430545052E-4	7.81987430545052E-4	7.81987430545052E-4	0.04582510442529839	7.81987430545052E-4	7.81987430545052E-4	
[2009-mai-14,neutral] : 0.9958419434635992	2.4569792726491987E-4	2.4569792726491987E-4	2.4569792726491987E-4	2.4569792726491987E-4	7.311348204688034E-4	7.383087647033435E-4	7.230248962386669E-4	2.4569792726491987E-4	7.370984186654113E-4	
[2009-mai-14,positive] : 0.7193195233916089	2.581464174865254E-4	0.013949928785434263	8.528557046837503E-5	9.37510024430391E-4	0.26392184909205946	8.528557046837503E-5	8.528557046837503E-5	8.528557046837503E-5	0.0012719000071070921	
[2009-mai-14,negative] : 0.9206499641358559	1.7155729356010436E-4	0.07223973162870587	0.0032158004869149727	1.7155729356010436E-4	1.7155729356010436E-4	1.7155729356010436E-4	0.0028651599871627976	1.7155729356010436E-4	1.7155729356010436E-4	
[2009-mai-16,neutral] : 0.942173328375052	6.293735878034892E-4	6.293735878034892E-4	6.293735878034892E-4	6.293735878034892E-4	0.0018716096126482097	0.05154944689767536	6.293735878034892E-4	6.293735878034892E-4	6.293735878034892E-4	
[2009-mai-16,positive] : 0.7758518470359986	1.805586743819059E-4	9.118201003416865E-4	1.805586743819059E-4	5.455221780315409E-4	0.2198217443536225	1.805586743819059E-4	1.805586743819059E-4	1.805586743819059E-4	0.0019662729600961916	
[2009-mai-16,negative] : 0.8953042908309051	3.373296628012233E-4	0.10066016750333277	0.0010269848352150164	3.373296628012233E-4	3.373296628012233E-4	3.373296628012233E-4	9.845788537397346E-4	3.373296628012233E-4	3.373296628012233E-4	
[2009-mai-17,neutral] : 0.9971608297563879	1.0504427621544344E-4	1.0504427621544344E-4	7.255199742506038E-4	0.001378340335853356	1.0504427621544344E-4	1.0504427621544344E-4	1.0504427621544344E-4	1.0504427621544344E-4	1.0504427621544344E-4	
[2009-mai-17,positive] : 0.7546015231519192	3.670222411473511E-5	0.005170810387394643	3.670222411473511E-5	6.228197536523505E-4	0.23887103966527942	3.670222411473511E-5	3.670222411473511E-5	1.0953543605938187E-4	4.774627092360463E-4	
[2009-mai-17,negative] : 0.8774042589909075	7.961381606616007E-5	0.11910204368746083	8.665254261360555E-4	4.016750076925691E-4	7.961381606616007E-5	7.961381606616007E-5	0.0013568395721780915	5.502020513602776E-4	7.961381606616007E-5	
[2009-mai-18,neutral] : 0.991321475027571	1.1553123561716069E-4	1.1553123561716069E-4	0.0048155538768822745	1.1553123561716069E-4	8.17285621582073E-4	1.1553123561716069E-4	1.1553123561716069E-4	1.1553123561716069E-4	0.0023524980602617103	
[2009-mai-18,positive] : 0.7257722272232883	3.745486964585802E-5	0.029095883198126678	3.745486964585802E-5	0.009770996590876779	0.23431252888391035	3.745486964585802E-5	1.1236123668705651E-4	1.1202608515667085E-4	7.116121730166446E-4	
[2009-mai-18,negative] : 0.8926489828127238	7.65483645722613E-5	0.09150751816332599	0.014846580783820543	7.65483645722613E-5	2.3194851997241674E-4	2.2658587394960562E-4	7.65483645722613E-5	2.321903879185648E-4	7.65483645722613E-5	
[2009-mai-21,neutral] : 0.9812232739904474	0.0020863028899503065	0.0020863028899503065	0.0020863028899503065	0.0020863028899503065	0.0020863028899503065	0.0020863028899503065	0.0020863028899503065	0.0020863028899503065	0.0020863028899503065	
[2009-mai-21,positive] : 0.7376394492992795	6.723044995251865E-4	0.017991854606284136	6.723044995251865E-4	0.009822631296910807	0.23051223780037441	6.723044995251865E-4	6.723044995251865E-4	6.723044995251865E-4	6.723044995251865E-4	
[2009-mai-21,negative] : 0.8709496169754398	0.0014952979534284708	0.11414682292654406	0.0014952979534284708	0.0014952979534284708	0.0014952979534284708	0.0044364744240167064	0.0014952979534284708	0.0014952979534284708	0.0014952979534284708	
[2009-mai-22,neutral] : 0.998216673406573	1.0424483204535536E-4	1.0424483204535536E-4	3.1107006472374214E-4	1.0424483204535536E-4	7.425427043857808E-4	1.0424483204535536E-4	1.0424483204535536E-4	1.0424483204535536E-4	1.0424483204535536E-4	
[2009-mai-22,positive] : 0.7276410041015244	3.6222287961076804E-5	0.012792996935976034	1.0892312402069149E-4	0.0039258722149149005	0.25462712289852785	1.0839839766876356E-4	3.6222287961076804E-5	1.090024917456474E-4	6.142352596994547E-4	
[2009-mai-22,negative] : 0.9111832324451508	8.183800163837422E-5	0.0866875407036097	5.743495358781056E-4	5.684560065045542E-4	8.183800163837422E-5	8.183800163837422E-5	2.422229254555354E-4	4.1684637684775446E-4	8.183800163837422E-5	
[2009-mai-23,neutral] : 0.5800000000000001	0.04666666666666667	0.04666666666666667	0.04666666666666667	0.04666666666666667	0.04666666666666667	0.04666666666666667	0.04666666666666667	0.04666666666666667	0.04666666666666667	
[2009-mai-23,positive] : 0.564	0.017333333333333333	0.017333333333333333	0.017333333333333333	0.017333333333333333	0.29733333333333334	0.017333333333333333	0.017333333333333333	0.017333333333333333	0.017333333333333333	
[2009-mai-23,negative] : 0.738	0.024666666666666667	0.024666666666666667	0.024666666666666667	0.024666666666666667	0.024666666666666667	0.024666666666666667	0.024666666666666667	0.06466666666666668	0.024666666666666667	
[2009-mai-25,neutral] : 0.23233333333333334	0.035666666666666666	0.035666666666666666	0.035666666666666666	0.2923333333333334	0.22566666666666674	0.035666666666666666	0.035666666666666666	0.035666666666666666	0.035666666666666666	
[2009-mai-25,positive] : 0.7399595959595959	0.00985858585858586	0.05208080808080808	0.00985858585858586	0.00985858585858586	0.08440404040404041	0.00985858585858586	0.00985858585858586	0.00985858585858586	0.0644040404040404	
[2009-mai-25,negative] : 0.817	0.02033333333333333	0.02033333333333333	0.02033333333333333	0.02033333333333333	0.02033333333333333	0.02033333333333333	0.02033333333333333	0.02033333333333333	0.02033333333333333	
[2009-mai-26,neutral] : 0.9948326764534979	4.6627219556604263E-4	4.6627219556604263E-4	4.6627219556604263E-4	4.6627219556604263E-4	0.00143714598197381	4.6627219556604263E-4	4.6627219556604263E-4	4.6627219556604263E-4	4.6627219556604263E-4	
[2009-mai-26,positive] : 0.7734963206736906	1.5051972954291333E-4	0.018508667410987004	0.01609070819286177	0.001050548415716178	0.18979674265598584	1.5051972954291333E-4	1.5051972954291333E-4	1.5051972954291333E-4	4.5493373258705333E-4	
[2009-mai-26,negative] : 0.9233055328487279	2.58389531928828E-4	0.0720579615223286	7.712100447493409E-4	2.58389531928828E-4	2.58389531928828E-4	2.58389531928828E-4	0.0012840305575698538	0.0012893173669803744	2.58389531928828E-4	
[2009-mai-27,neutral] : 0.9450939246512003	0.0050905740286545246	0.0050905740286545246	0.014181483119563618	0.0050905740286545246	0.0050905740286545246	0.0050905740286545246	0.0050905740286545246	0.0050905740286545246	0.0050905740286545246	
[2009-mai-27,positive] : 0.8013973544973545	0.001854785954785955	0.001854785954785955	0.001854785954785955	0.001854785954785955	0.1764916305916306	0.001854785954785955	0.001854785954785955	0.001854785954785955	0.009127513227513229	
[2009-mai-27,negative] : 0.9449992398905442	0.004290311138137225	0.012985963312050269	0.004290311138137225	0.004290311138137225	0.004290311138137225	0.004290311138137225	0.004290311138137225	0.011982618830444918	0.004290311138137225	
[2009-mai-28,neutral] : 0.9817315594362064	3.021004486573978E-4	3.021004486573978E-4	0.01104550294973905	3.021004486573978E-4	0.005108234473452796	3.021004486573978E-4	3.021004486573978E-4	3.021004486573978E-4	3.021004486573978E-4	
[2009-mai-28,positive] : 0.7700912387777146	9.443256419169679E-5	0.017098629642223313	0.0036864750319990564	9.443256419169679E-5	0.20780780115645286	9.443256419169679E-5	2.8346848101589345E-4	9.443256419169679E-5	6.546566538275512E-4	
[2009-mai-28,negative] : 0.8979536774109219	1.8285610898593224E-4	0.09877675210330453	1.8285610898593224E-4	1.8285610898593224E-4	1.8285610898593224E-4	1.8285610898593224E-4	5.53913622900589E-4	0.0016185202089574135	1.8285610898593224E-4	
[2009-mai-29,neutral] : 0.9988857418538688	6.548041810322164E-5	6.548041810322164E-5	6.548041810322164E-5	6.548041810322164E-5	6.548041810322164E-5	6.548041810322164E-5	6.548041810322164E-5	6.548041810322164E-5	5.904148013053214E-4	
[2009-mai-29,positive] : 0.7557911828129364	2.1654779285910005E-5	0.016616521509154575	2.1654779285910005E-5	2.1654779285910005E-5	0.22739712024383169	2.1654779285910005E-5	2.1654779285910005E-5	6.524675836176006E-5	2.1654779285910005E-5	
[2009-mai-29,negative] : 0.9153294011997847	4.278021060097158E-5	0.08415482132365053	4.278021060097158E-5	2.163160023580215E-4	4.278021060097158E-5	4.278021060097158E-5	4.278021060097158E-5	4.278021060097158E-5	4.278021060097158E-5	
[2009-mai-30,neutral] : 0.9988716901526477	4.1767162703555715E-5	4.1767162703555715E-5	4.1767162703555715E-5	1.2555434326492982E-4	4.1767162703555715E-5	4.1767162703555715E-5	4.1767162703555715E-5	1.2527446959290854E-4	6.26878058273068E-4	
[2009-mai-30,positive] : 0.717523074701784	1.3415868459196202E-5	0.009972021284055827	4.0022227378978036E-5	1.3415868459196202E-5	0.26951000038871425	1.3415868459196202E-5	1.3415868459196202E-5	8.196083134476278E-4	0.0020816096107825234	
[2009-mai-30,negative] : 0.8869720334061888	2.9109942353963202E-5	0.09975065438897857	2.0439478021548819E-4	0.012722577682507109	2.9109942353963202E-5	2.9109942353963202E-5	2.9109942353963202E-5	2.0479003034007789E-4	2.9109942353963202E-5	
[2009-mai-31,neutral] : 0.9727837601144318	4.0482251215782636E-5	4.0482251215782636E-5	9.179937534908008E-4	4.0482251215782636E-5	1.2016352611618104E-4	4.0482251215782636E-5	4.0482251215782636E-5	1.2319523715457505E-4	0.025852476112727757	
[2009-mai-31,positive] : 0.704741244146838	4.395214760958241E-5	0.010218342295809204	7.993452427422366E-4	2.179205387985431E-4	0.2779482831528549	1.4622333853899754E-5	1.4622333853899754E-5	0.005579604342342008	4.2206346529769797E-4	
[2009-mai-31,negative] : 0.8605681914156749	3.260924550232777E-5	0.12285949590390388	9.870309877397352E-5	0.0162779541086334	3.260924550232777E-5	3.260924550232777E-5	3.260924550232777E-5	3.260924550232777E-5	3.260924550232777E-5	
[2009-jun-01,neutral] : 0.9985779431096147	3.834104512096645E-5	3.834104512096645E-5	3.834104512096645E-5	2.7207692357830964E-4	6.531943422459442E-4	3.834104512096645E-5	3.834104512096645E-5	3.834104512096645E-5	2.6673935383522717E-4	
[2009-jun-01,positive] : 0.7329784133943644	1.3573285197352134E-5	0.021421157558768746	4.070664566404594E-5	0.003814447854059701	0.23576593593908735	1.3573285197352134E-5	1.3573285197352134E-5	0.004300984955905527	0.001637633796558207	
[2009-jun-01,negative] : 0.9076775563823224	2.6014949607551693E-5	0.07333941515327953	0.0016859845916407945	2.6014949607551693E-5	0.017036596564204084	2.6014949607551693E-5	1.3037256051524985E-4	2.6014949607551693E-5	2.6014949607551693E-5	
[2009-jun-02,neutral] : 0.9975617854398428	6.587887450958585E-5	6.587887450958585E-5	7.212246603294367E-4	6.587887450958585E-5	0.0012558377782606002	6.587887450958585E-5	6.587887450958585E-5	6.587887450958585E-5	6.587887450958585E-5	
[2009-jun-02,positive] : 0.7195023243734168	6.744344043570577E-5	0.029984958582154164	2.0323918294242615E-4	0.0011029789490789213	0.24445625888749864	2.25298990029638E-5	2.25298990029638E-5	2.25298990029638E-5	0.004615206887464489	
[2009-jun-02,negative] : 0.8855999271027534	4.2835583982555306E-5	0.11200146178737791	0.0013274310852044219	1.2878315596364685E-4	4.7257344388801305E-4	4.2835583982555306E-5	1.280507522825127E-4	1.280507522825127E-4	1.280507522825127E-4	
[2009-jun-03,neutral] : 0.9963737821628385	9.859320195675089E-5	9.859320195675089E-5	0.001469822989028122	9.859320195675089E-5	0.0012664422346357446	9.859320195675089E-5	2.983934017569507E-4	9.859320195675089E-5	9.859320195675089E-5	
[2009-jun-03,positive] : 0.7009381468801166	3.444797814177793E-5	0.038972566070694596	3.769137315664354E-4	0.014497429290817584	0.2450427041360959	3.444797814177793E-5	3.444797814177793E-5	3.444797814177793E-5	3.444797814177793E-5	
[2009-jun-03,negative] : 0.8840393923705401	6.354128334573292E-5	0.10364082970494741	0.00933964931777938	4.436892543169818E-4	6.354128334573292E-5	6.354128334573292E-5	0.0019654080465171192	3.168661725160939E-4	6.354128334573292E-5	
[2009-jun-04,neutral] : 0.778183189427055	4.7166763269326426E-4	4.7166763269326426E-4	4.7166763269326426E-4	4.7166763269326426E-4	4.7166763269326426E-4	4.7166763269326426E-4	4.7166763269326426E-4	0.21804346951139886	4.7166763269326426E-4	
[2009-jun-04,positive] : 0.7289995643863441	2.1424045195663592E-4	0.030208527416981445	2.1424045195663592E-4	6.388689020627931E-4	0.2341572823852379	2.1424045195663592E-4	2.1424045195663592E-4	2.1424045195663592E-4	0.004924554649590574	
[2009-jun-04,negative] : 0.870223622512618	3.901771689963999E-4	0.11815003525189875	3.901771689963999E-4	0.006585668090244232	0.0011448941501284754	3.901771689963999E-4	3.901771689963999E-4	0.0019448941501284754	3.901771689963999E-4	
[2009-jun-05,neutral] : 0.9973769496804596	8.37657156706255E-5	0.0019529245941752981	8.37657156706255E-5	8.37657156706255E-5	8.37657156706255E-5	8.37657156706255E-5	8.37657156706255E-5	8.37657156706255E-5	8.37657156706255E-5	
[2009-jun-05,positive] : 0.7612610887125788	2.804438110495033E-5	0.0160125716317439	1.4012059292899066E-4	2.804438110495033E-5	0.2221936428987589	2.804438110495033E-5	2.804438110495033E-5	1.9639454945511868E-4	8.400409011446349E-5	
[2009-jun-05,negative] : 0.9073379982238121	5.564690016795677E-5	0.09188327973550345	5.564690016795677E-5	1.654766640339645E-4	1.6706751298132725E-4	5.564690016795677E-5	5.564690016795677E-5	1.6794336282938295E-4	5.564690016795677E-5	
[2009-jun-06,neutral] : 0.9987479913920932	3.7897241944995905E-5	4.174038833112198E-4	3.7897241944995905E-5	3.7897241944995905E-5	1.892404125844208E-4	3.7897241944995905E-5	3.7897241944995905E-5	3.7897241944995905E-5	4.17980860341043E-4	
[2009-jun-06,positive] : 0.7415342203918239	1.3156928658829168E-5	0.010776953847506892	3.9445046429596786E-5	1.3156928658829168E-5	0.2473601790427304	1.3156928658829168E-5	6.568832159033685E-5	1.3156928658829168E-5	1.7088563528343484E-4	
[2009-jun-06,negative] : 0.9009146140689224	2.722229560187643E-5	0.09875862951789453	2.722229560187643E-5	8.188203870108388E-5	2.722229560187643E-5	8.154060087075205E-5	2.722229560187643E-5	2.722229560187643E-5	2.722229560187643E-5	
[2009-jun-07,neutral] : 0.9464095235371035	4.108786960571409E-5	0.05268880310547029	4.108786960571409E-5	4.108786960571409E-5	4.507560383889995E-4	4.108786960571409E-5	4.108786960571409E-5	4.108786960571409E-5	2.04390101402882E-4	
[2009-jun-07,positive] : 0.7351584013828671	1.5415329775329918E-5	0.012972101966302252	1.5415329775329918E-5	1.5415329775329918E-5	0.25018337489091025	1.5415329775329918E-5	1.5415329775329918E-5	1.5415329775329918E-5	0.0015936297812684445	
[2009-jun-07,negative] : 0.9003125256748629	3.21258441569866E-5	0.0968021902673711	4.801132225226294E-4	2.2363557923518637E-4	3.21258441569866E-5	3.21258441569866E-5	0.002020906035223357	3.21258441569866E-5	3.21258441569866E-5	
[2009-jun-14,neutral] : 0.9814137799179503	5.995925606676301E-4	0.010210494479261856	0.0018117137727888424	0.0017830245133303522	5.995925606676301E-4	5.995925606676301E-4	0.0017830245133303522	5.995925606676301E-4	5.995925606676301E-4	
[2009-jun-14,positive] : 0.7686339104033014	1.9458059601856328E-4	0.014194361018558001	5.875079044665004E-4	5.777223584706706E-4	0.21388417004775437	1.9458059601856328E-4	5.777223584706706E-4	1.9458059601856328E-4	9.608641209227778E-4	
[2009-jun-14,negative] : 0.9297983477768845	4.0100263165731713E-4	0.06378689638417494	0.0012107192308476007	0.0011946534253081107	4.0100263165731713E-4	4.0100263165731713E-4	4.0100263165731713E-4	0.002004370024498394	4.0100263165731713E-4	
[2009-jun-15,neutral] : 0.8630071952540959	4.2249729804973386E-5	0.136486597257974	4.2249729804973386E-5	4.2249729804973386E-5	4.2249729804973386E-5	1.2614234725463782E-4	4.2249729804973386E-5	4.2249729804973386E-5	1.2656676184544556E-4	
[2009-jun-15,positive] : 0.7092230840662056	1.73845883436755E-5	0.02707740705812601	1.565522376281648E-4	5.751064462464147E-4	0.2580093782351257	1.73845883436755E-5	1.73845883436755E-5	1.73845883436755E-5	0.0048889336032933595	
[2009-jun-15,negative] : 0.9116999603993554	9.64550581293464E-5	0.08746276364683685	5.479426369344322E-4	3.2146376457320666E-5	3.2146376457320666E-5	3.2146376457320666E-5	3.2146376457320666E-5	3.2146376457320666E-5	3.2146376457320666E-5	
[2009-jun-16,neutral] : 0.9994191097916699	6.454335648111086E-5	6.454335648111086E-5	6.454335648111086E-5	6.454335648111086E-5	6.454335648111086E-5	6.454335648111086E-5	6.454335648111086E-5	6.454335648111086E-5	6.454335648111086E-5	
[2009-jun-16,positive] : 0.6829767632577914	3.025764615672864E-5	0.04287181063865162	3.025764615672864E-5	7.546411449264859E-4	0.27291264855134223	3.025764615672864E-5	9.080866038621699E-5	3.025764615672864E-5	2.722971622751454E-4	
[2009-jun-16,negative] : 0.8940692751401805	4.2440547279098796E-5	0.10253171040911244	0.0030175068122396203	4.2440547279098796E-5	4.2440547279098796E-5	4.2440547279098796E-5	1.2686435479281768E-4	4.2440547279098796E-5	4.2440547279098796E-5	
[2009-jun-17,neutral] : 0.9987259887497814	9.798377894936456E-5	9.798377894936456E-5	2.9387016484554477E-4	2.942546327275785E-4	9.798377894936456E-5	9.798377894936456E-5	9.798377894936456E-5	9.798377894936456E-5	9.798377894936456E-5	
[2009-jun-17,positive] : 0.5979218507913894	7.11044875284463E-5	0.052542535005932756	7.11044875284463E-5	0.012453136537633478	0.336229108207868	7.11044875284463E-5	7.11044875284463E-5	7.11044875284463E-5	4.978470195341362E-4	
[2009-jun-17,negative] : 0.8844444617394591	5.678487633741524E-5	0.10759751428222245	0.00721920024043469	5.678487633741524E-5	5.678487633741524E-5	5.678487633741524E-5	5.678487633741524E-5	3.9811447985907444E-4	5.678487633741524E-5	
[2009-jun-18,neutral] : 0.9990535458204677	1.0516157550359106E-4	1.0516157550359106E-4	1.0516157550359106E-4	1.0516157550359106E-4	1.0516157550359106E-4	1.0516157550359106E-4	1.0516157550359106E-4	1.0516157550359106E-4	1.0516157550359106E-4	
[2009-jun-18,positive] : 0.5954044623698511	7.376761102339846E-5	0.04728649388418922	3.6341279567220366E-4	3.7316880862818893E-4	0.3560571039400222	7.376761102339846E-5	2.2028775754354504E-4	7.376761102339846E-5	7.376761102339846E-5	
[2009-jun-18,negative] : 0.8781429422446306	6.00791106047578E-5	0.12077121892423588	4.2437783555922053E-4	6.00791106047578E-5	3.009863319456122E-4	6.00791106047578E-5	6.00791106047578E-5	6.00791106047578E-5	6.00791106047578E-5	
[2009-jun-19,neutral] : 0.9982189938511044	1.0482922312670859E-4	1.0482922312670859E-4	3.1101479013701785E-4	1.0482922312670859E-4	7.361867968717968E-4	1.0482922312670859E-4	1.0482922312670859E-4	1.0482922312670859E-4	1.0482922312670859E-4	
[2009-jun-19,positive] : 0.5914045329853934	2.0342892130359864E-4	0.046186735459019114	6.820241690873724E-5	3.403112604461522E-4	0.36138460646699444	6.820241690873724E-5	2.0757523920838882E-4	6.820241690873724E-5	6.820241690873724E-5	
[2009-jun-19,negative] : 0.874505047792398	6.049660159017217E-5	0.12489042484394627	1.8105115252446997E-4	6.049660159017217E-5	6.049660159017217E-5	6.049660159017217E-5	6.049660159017217E-5	6.049660159017217E-5	6.049660159017217E-5	
[2009-jun-20,neutral] : 0.9991636612976768	9.292652248035318E-5	9.292652248035318E-5	9.292652248035318E-5	9.292652248035318E-5	9.292652248035318E-5	9.292652248035318E-5	9.292652248035318E-5	9.292652248035318E-5	9.292652248035318E-5	
[2009-jun-20,positive] : 0.5958170362655097	6.436391198947025E-5	0.02467523871530505	6.436391198947025E-5	0.010090885721611379	0.3689001926814752	6.436391198947025E-5	1.9482705615124458E-4	6.436391198947025E-5	6.436391198947025E-5	
[2009-jun-20,negative] : 0.8487302055791606	5.908379638365919E-5	0.14936693667574888	0.0011344493074573422	1.7756720870593405E-4	5.908379638365919E-5	5.908379638365919E-5	2.9542224700882154E-4	5.908379638365919E-5	5.908379638365919E-5	
[2009-jun-21,neutral] : 0.9975855940625553	2.1931970034260438E-4	2.1931970034260438E-4	2.1931970034260438E-4	2.1931970034260438E-4	2.1931970034260438E-4	2.1931970034260438E-4	2.1931970034260438E-4	2.1931970034260438E-4	6.598483347038379E-4	
[2009-jun-21,positive] : 0.6510954517586146	1.577612816295784E-4	0.016183373878370464	1.577612816295784E-4	0.008329719895196817	0.32344488677804056	1.577612816295784E-4	1.577612816295784E-4	1.577612816295784E-4	1.577612816295784E-4	
[2009-jun-21,negative] : 0.8709399109824083	1.5096819578543297E-4	0.12785234345130828	1.5096819578543297E-4	1.5096819578543297E-4	1.5096819578543297E-4	1.5096819578543297E-4	1.5096819578543297E-4	1.5096819578543297E-4	1.5096819578543297E-4	
[2009-jun-22,neutral] : 0.9942470234792067	4.442878395423313E-4	4.442878395423313E-4	4.442878395423313E-4	0.002198673804454612	4.442878395423313E-4	4.442878395423313E-4	4.442878395423313E-4	4.442878395423313E-4	4.442878395423313E-4	
[2009-jun-22,positive] : 0.630852432386865	3.088663490170132E-4	0.010151665844347704	3.088663490170132E-4	3.088663490170132E-4	0.35683383732566815	3.088663490170132E-4	3.088663490170132E-4	3.088663490170132E-4	3.088663490170132E-4	
[2009-jun-22,negative] : 0.8874164502099816	2.2347707005455843E-4	0.10990386149207276	2.2347707005455843E-4	2.2347707005455843E-4	2.2347707005455843E-4	2.2347707005455843E-4	0.0011153488075638799	2.2347707005455843E-4	2.2347707005455843E-4	
[2009-jun-23,neutral] : 0.9948931177286584	3.3909958342648327E-4	3.3909958342648327E-4	3.3909958342648327E-4	3.3909958342648327E-4	0.001704430431515952	3.3909958342648327E-4	3.3909958342648327E-4	3.3909958342648327E-4	0.0010287547558402762	
[2009-jun-23,positive] : 0.6071529725501261	1.9254433919067433E-4	0.050230198181881326	0.0013531665793323337	1.9254433919067433E-4	0.33934503787489023	1.9254433919067433E-4	1.9254433919067433E-4	1.9254433919067433E-4	9.559031178166284E-4	
[2009-jun-23,negative] : 0.8524553510709467	1.5755176641340604E-4	0.14597124575236267	4.705408117968176E-4	1.5755176641340604E-4	1.5755176641340604E-4	1.5755176641340604E-4	1.5755176641340604E-4	1.5755176641340604E-4	1.5755176641340604E-4	
[2009-jun-24,neutral] : 0.9826278494512314	7.57805158261382E-4	7.57805158261382E-4	7.57805158261382E-4	0.01130970928267747	7.57805158261382E-4	7.57805158261382E-4	7.57805158261382E-4	7.57805158261382E-4	7.57805158261382E-4	
[2009-jun-24,positive] : 0.5730166558255205	0.0014922346281830822	0.006493641131378419	5.02135618282092E-4	0.0014825277751448374	0.24830940950537123	5.02135618282092E-4	5.02135618282092E-4	5.02135618282092E-4	0.16719698866127342	
[2009-jun-24,negative] : 0.865912301366142	4.2309889893734113E-4	0.1238787348004802	0.0030205014963399384	0.0021074960620579082	4.2309889893734113E-4	4.2309889893734113E-4	4.2309889893734113E-4	0.002965471780293273	4.2309889893734113E-4	
[2009-jun-25,neutral] : 0.9970504338766997	2.2740350956158866E-4	2.2740350956158866E-4	2.2740350956158866E-4	2.2740350956158866E-4	0.0011303380468076383	2.2740350956158866E-4	2.2740350956158866E-4	2.2740350956158866E-4	2.2740350956158866E-4	
[2009-jun-25,positive] : 0.5712431114261471	1.5784078960026697E-4	0.033224242798895375	4.708298349836786E-4	0.00993297817772058	0.38433963381425196	1.5784078960026697E-4	1.5784078960026697E-4	1.5784078960026697E-4	1.5784078960026697E-4	
[2009-jun-25,negative] : 0.861873447034269	1.3341834442353744E-4	0.13303970243991664	0.0020152736745547295	1.3341834442353744E-4	0.001467135174609001	1.3341834442353744E-4	4.0187472026246364E-4	6.688935786939525E-4	1.3341834442353744E-4	
