PositiveNum + NegativeNum = 201878	PositiveNum = 109499	NegativeNum = 92379
TP=82465	FN=27034	TN=45480	FP=46899	
Accuracy: 0.6337738634224631
Precision: 0.6374648279273987
Recall: 0.753111900565302
F1: 0.6904794798692138
