[2009-apr-06,neutral] : 0.914374140565317	0.001893239113827349	0.001893239113827349	0.001893239113827349	0.001893239113827349	0.012737394957983195	0.009696269416857653	0.001893239113827349	0.009451171377641966	0.001893239113827349	0.001893239113827349	0.001893239113827349	0.001893239113827349	0.001893239113827349	0.001893239113827349	0.001893239113827349	0.001893239113827349	0.02534243697478992	0.001893239113827349	0.001893239113827349	
[2009-apr-06,positive] : 0.1810435285937411	5.059631480357208E-4	5.059631480357208E-4	5.059631480357208E-4	5.059631480357208E-4	0.7985129371046664	5.059631480357208E-4	5.059631480357208E-4	5.059631480357208E-4	5.059631480357208E-4	5.059631480357208E-4	0.004631634469195765	5.059631480357208E-4	5.059631480357208E-4	5.059631480357208E-4	0.0077164894638251935	5.059631480357208E-4	5.059631480357208E-4	5.059631480357208E-4	5.059631480357208E-4	
[2009-apr-06,negative] : 0.8814778547023442	0.0011520858275979391	0.0011520858275979391	0.0011520858275979391	0.0056606977830184054	0.0011520858275979391	0.0011520858275979391	0.0011520858275979391	0.0011520858275979391	0.0011520858275979391	0.07081696228181548	0.0011520858275979391	0.0011520858275979391	0.0011520858275979391	0.0011520858275979391	0.0056606977830184054	0.0011520858275979391	0.019102500035834424	0.0011520858275979391	0.0011520858275979391	
[2009-apr-07,neutral] : 0.9872465231929869	3.319051765857413E-4	3.319051765857413E-4	3.319051765857413E-4	3.319051765857413E-4	0.00481801305478368	3.319051765857413E-4	3.319051765857413E-4	9.688478517449771E-4	3.319051765857413E-4	3.319051765857413E-4	3.319051765857413E-4	3.319051765857413E-4	3.319051765857413E-4	0.001019190399953439	3.319051765857413E-4	3.319051765857413E-4	3.319051765857413E-4	9.688478517449771E-4	3.319051765857413E-4	
[2009-apr-07,positive] : 0.13581443052265768	1.0325662816278108E-4	0.005657884890694098	1.0325662816278108E-4	7.138541741342505E-4	0.8390610306411099	3.115899614961144E-4	1.0325662816278108E-4	1.0325662816278108E-4	3.131202168301473E-4	1.0325662816278108E-4	1.0325662816278108E-4	0.0015513440598567702	1.0325662816278108E-4	1.0325662816278108E-4	0.015337665995267539	1.0325662816278108E-4	1.0325662816278108E-4	1.0325662816278108E-4	1.0325662816278108E-4	
[2009-apr-07,negative] : 0.8322798015692318	2.2071906186695202E-4	2.2071906186695202E-4	2.2071906186695202E-4	2.2071906186695202E-4	0.004264851299831789	2.2071906186695202E-4	2.2071906186695202E-4	2.2071906186695202E-4	2.2071906186695202E-4	0.1034720168586496	2.2071906186695202E-4	2.2071906186695202E-4	2.2071906186695202E-4	2.2071906186695202E-4	2.2071906186695202E-4	6.711695123174025E-4	0.05600137483196534	2.2071906186695202E-4	2.2071906186695202E-4	
[2009-apr-17,neutral] : 0.9194690579262008	0.002060688517831375	0.002060688517831375	0.018223129251700682	0.002060688517831375	0.027276108018965163	0.002060688517831375	0.002060688517831375	0.002060688517831375	0.002060688517831375	0.002060688517831375	0.002060688517831375	0.002060688517831375	0.002060688517831375	0.002060688517831375	0.002060688517831375	0.002060688517831375	0.002060688517831375	0.002060688517831375	0.002060688517831375	
[2009-apr-17,positive] : 0.2314878762541806	0.0018798574613792004	0.0031298574613792007	6.298574613792005E-4	0.0031143295110686417	0.7294162884217231	6.298574613792005E-4	6.298574613792005E-4	6.298574613792005E-4	6.298574613792005E-4	6.298574613792005E-4	0.019669314381270904	6.298574613792005E-4	6.298574613792005E-4	6.298574613792005E-4	0.0018720934862239212	6.298574613792005E-4	6.298574613792005E-4	6.298574613792005E-4	0.0018720934862239212	
[2009-apr-17,negative] : 0.7898528735415528	0.0018601115865266808	0.0018601115865266808	0.0018601115865266808	0.0018601115865266808	0.0018601115865266808	0.0018601115865266808	0.0018601115865266808	0.0018601115865266808	0.0018601115865266808	0.03890985429664675	0.0018601115865266808	0.0018601115865266808	0.0018601115865266808	0.005706265432680527	0.0018601115865266808	0.0018601115865266808	0.13576922134469302	0.0018601115865266808	0.0018601115865266808	
[2009-apr-18,neutral] : 0.986835958761359	3.385005473874929E-4	3.385005473874929E-4	0.0010096414869848085	3.385005473874929E-4	0.005063880632307368	3.385005473874929E-4	3.385005473874929E-4	3.385005473874929E-4	3.385005473874929E-4	3.385005473874929E-4	3.385005473874929E-4	3.385005473874929E-4	3.385005473874929E-4	3.385005473874929E-4	3.385005473874929E-4	0.001674510361149063	3.385005473874929E-4	3.385005473874929E-4	3.385005473874929E-4	
[2009-apr-18,positive] : 0.1832726884549261	8.717454252114703E-5	6.062056843896592E-4	8.717454252114703E-5	8.717454252114703E-5	0.8029427764398831	8.717454252114703E-5	8.717454252114703E-5	8.717454252114703E-5	0.0030313966800489785	8.717454252114703E-5	8.717454252114703E-5	0.0020269693754408043	8.717454252114703E-5	8.717454252114703E-5	0.002722036355422592	4.3289623655744784E-4	8.717454252114703E-5	8.717454252114703E-5	0.003918936263077549	
[2009-apr-18,negative] : 0.7899739684079385	2.275506881536933E-4	2.275506881536933E-4	2.275506881536933E-4	6.729849865946734E-4	2.275506881536933E-4	2.275506881536933E-4	2.275506881536933E-4	2.275506881536933E-4	2.275506881536933E-4	0.08621758712880373	2.275506881536933E-4	2.275506881536933E-4	0.030265738006888303	0.001121415479868216	0.0011244116747007786	2.275506881536933E-4	0.08766573536920771	2.275506881536933E-4	2.275506881536933E-4	
[2009-apr-19,neutral] : 0.9824010297681349	2.1675654413898221E-4	2.1675654413898221E-4	2.1675654413898221E-4	2.1675654413898221E-4	0.0050292504183982335	2.1675654413898221E-4	2.1675654413898221E-4	2.1675654413898221E-4	2.1675654413898221E-4	2.1675654413898221E-4	2.1675654413898221E-4	2.1675654413898221E-4	0.004093297930833215	6.47791026897603E-4	6.582576478917415E-4	2.1675654413898221E-4	0.004135781589898577	2.1675654413898221E-4	2.1675654413898221E-4	
[2009-apr-19,positive] : 0.1723742781253146	5.9740744320612835E-5	0.00100873244064327	5.9740744320612835E-5	1.78364706360945E-4	0.8002911588784499	5.9740744320612835E-5	5.9740744320612835E-5	5.9740744320612835E-5	0.012125094663435696	5.9740744320612835E-5	5.9740744320612835E-5	3.0027695348152766E-4	5.9740744320612835E-5	5.9740744320612835E-5	0.010216632811878807	5.9740744320612835E-5	5.9740744320612835E-5	5.9740744320612835E-5	0.0027885724885879032	
[2009-apr-19,negative] : 0.8396897787450834	1.4693847314211289E-4	1.4693847314211289E-4	1.4693847314211289E-4	4.4105612020093634E-4	7.335294506503915E-4	1.4693847314211289E-4	1.4693847314211289E-4	1.4693847314211289E-4	4.3679354560588094E-4	0.08593842398958536	1.4693847314211289E-4	1.4693847314211289E-4	1.4693847314211289E-4	1.4693847314211289E-4	1.4693847314211289E-4	0.001614076648060174	0.06864876857094274	7.343112521657458E-4	1.4693847314211289E-4	
[2009-apr-20,neutral] : 0.9787754237287066	2.931019018345126E-4	2.931019018345126E-4	2.931019018345126E-4	2.931019018345126E-4	0.013050093046018837	2.931019018345126E-4	2.931019018345126E-4	2.931019018345126E-4	2.931019018345126E-4	8.711365839154375E-4	2.931019018345126E-4	2.931019018345126E-4	2.931019018345126E-4	8.711365839154375E-4	2.931019018345126E-4	8.796121657641315E-4	0.0014491712659963625	2.931019018345126E-4	2.931019018345126E-4	
[2009-apr-20,positive] : 0.152961658603187	2.8104650843398E-4	8.219842139036138E-4	9.272259129650359E-5	9.272259129650359E-5	0.8214944204039571	9.272259129650359E-5	9.272259129650359E-5	9.272259129650359E-5	0.005073374673602806	9.272259129650359E-5	4.6378010521116043E-4	8.376327793059652E-4	9.272259129650359E-5	9.272259129650359E-5	0.016953431616840313	9.272259129650359E-5	9.272259129650359E-5	9.272259129650359E-5	9.272259129650359E-5	
[2009-apr-20,negative] : 0.8031741043195655	2.2556417285523128E-4	2.2556417285523128E-4	2.2556417285523128E-4	2.2556417285523128E-4	2.2556417285523128E-4	2.2556417285523128E-4	2.2556417285523128E-4	2.2556417285523128E-4	2.2556417285523128E-4	0.11482653728573486	2.2556417285523128E-4	2.2556417285523128E-4	0.004675001930219818	2.2556417285523128E-4	2.2556417285523128E-4	6.821851774214413E-4	0.07325870869423001	2.2556417285523128E-4	2.2556417285523128E-4	
[2009-apr-21,neutral] : 0.9761809237734536	5.281441817944364E-4	5.281441817944364E-4	5.281441817944364E-4	5.281441817944364E-4	0.006830873710330416	5.281441817944364E-4	5.281441817944364E-4	5.281441817944364E-4	5.281441817944364E-4	0.0016034129989987377	5.281441817944364E-4	5.281441817944364E-4	5.281441817944364E-4	0.0016034129989987377	5.281441817944364E-4	5.281441817944364E-4	0.005859213791302076	5.281441817944364E-4	5.281441817944364E-4	
[2009-apr-21,positive] : 0.14100648245680486	5.445939697075913E-4	0.0048453432658013855	1.7963046605795632E-4	5.250536094085609E-4	0.8172989864463622	1.7963046605795632E-4	5.355023521789528E-4	1.7963046605795632E-4	0.01389198900669226	1.7963046605795632E-4	1.7963046605795632E-4	0.002252169326161583	1.7963046605795632E-4	1.7963046605795632E-4	0.014947271480588234	1.7963046605795632E-4	1.7963046605795632E-4	1.7963046605795632E-4	0.0023563034257148455	
[2009-apr-21,negative] : 0.777718709147722	4.2349848316449443E-4	4.2349848316449443E-4	4.2349848316449443E-4	4.2349848316449443E-4	4.2349848316449443E-4	4.2349848316449443E-4	4.2349848316449443E-4	4.2349848316449443E-4	4.2349848316449443E-4	0.15451126840372562	4.2349848316449443E-4	0.00632468562725524	0.0038496696090890674	4.2349848316449443E-4	4.2349848316449443E-4	4.2349848316449443E-4	0.049526451767315724	0.002140236680589387	4.2349848316449443E-4	
[2009-mai-01,neutral] : 0.9680607249318115	8.537015975752006E-4	8.537015975752006E-4	8.537015975752006E-4	8.537015975752006E-4	0.014802734807410078	8.537015975752006E-4	8.537015975752006E-4	8.537015975752006E-4	8.537015975752006E-4	8.537015975752006E-4	8.537015975752006E-4	0.0026236131019999795	8.537015975752006E-4	8.537015975752006E-4	8.537015975752006E-4	8.537015975752006E-4	8.537015975752006E-4	8.537015975752006E-4	8.537015975752006E-4	
[2009-mai-01,positive] : 0.21156679610574186	2.220626873909712E-4	2.220626873909712E-4	2.220626873909712E-4	0.0028769299440281394	0.7675173032250862	2.220626873909712E-4	2.220626873909712E-4	2.220626873909712E-4	6.665071318354157E-4	2.220626873909712E-4	0.002444284909613193	0.004715045614002216	2.220626873909712E-4	2.220626873909712E-4	0.0037739532746797885	2.220626873909712E-4	6.766081419364257E-4	2.220626873909712E-4	0.0033198820917760526	
[2009-mai-01,negative] : 0.8804834464048653	5.505560958290883E-4	5.505560958290883E-4	5.505560958290883E-4	5.505560958290883E-4	5.505560958290883E-4	5.505560958290883E-4	5.505560958290883E-4	5.505560958290883E-4	0.0016804995986539472	0.0524676009539687	5.505560958290883E-4	5.505560958290883E-4	5.505560958290883E-4	5.505560958290883E-4	5.505560958290883E-4	0.0016804995986539472	0.052039781497946955	0.002810443101478806	0.0016804995986539472	
[2009-mai-02,neutral] : 0.9765112239581761	1.821022538865534E-4	1.821022538865534E-4	1.821022538865534E-4	1.821022538865534E-4	0.0107503004352787	1.821022538865534E-4	1.821022538865534E-4	1.821022538865534E-4	1.821022538865534E-4	1.821022538865534E-4	1.821022538865534E-4	1.821022538865534E-4	0.009642737290473834	1.821022538865534E-4	1.821022538865534E-4	1.821022538865534E-4	1.821022538865534E-4	1.821022538865534E-4	1.821022538865534E-4	
[2009-mai-02,positive] : 0.17383298240306344	5.600562176953467E-5	0.002964778004840028	5.600562176953467E-5	5.600562176953467E-5	0.8159622624791284	5.600562176953467E-5	1.6761276462667757E-4	5.600562176953467E-5	5.600562176953467E-5	5.600562176953467E-5	3.923318657502731E-4	0.0018495152197062243	5.600562176953467E-5	5.600562176953467E-5	0.004102444179881015	5.600562176953467E-5	5.600562176953467E-5	5.600562176953467E-5	5.600562176953467E-5	
[2009-mai-02,negative] : 0.8518464976240457	1.429643978122749E-4	1.429643978122749E-4	1.429643978122749E-4	1.429643978122749E-4	1.429643978122749E-4	4.345095873166482E-4	1.429643978122749E-4	1.429643978122749E-4	1.429643978122749E-4	0.06589549595112948	1.429643978122749E-4	1.429643978122749E-4	0.012956950294651146	1.429643978122749E-4	1.429643978122749E-4	0.00186306881272263	0.06500197616076256	1.429643978122749E-4	1.429643978122749E-4	
[2009-mai-03,neutral] : 0.9683522855710489	1.575735758697939E-4	1.575735758697939E-4	1.575735758697939E-4	1.575735758697939E-4	0.024437417626599976	1.575735758697939E-4	1.575735758697939E-4	0.0011092367698524452	1.575735758697939E-4	1.575735758697939E-4	1.575735758697939E-4	1.575735758697939E-4	0.0014121147782707084	7.786915882921541E-4	4.619875789139339E-4	1.575735758697939E-4	0.0013998096007145143	1.575735758697939E-4	1.575735758697939E-4	
[2009-mai-03,positive] : 0.19764963093338514	4.443066705960772E-5	0.005641181688524702	4.443066705960772E-5	1.329654169489393E-4	0.7760542571330953	4.443066705960772E-5	4.443066705960772E-5	4.443066705960772E-5	0.0038625736275961905	1.3257522413320845E-4	3.1360967109729277E-4	0.007950863990461198	4.443066705960772E-5	4.443066705960772E-5	0.007685070227213035	4.443066705960772E-5	4.443066705960772E-5	4.443066705960772E-5	1.329654169489393E-4	
[2009-mai-03,negative] : 0.8209471124022599	9.933187710774136E-5	9.933187710774136E-5	9.933187710774136E-5	2.9715581380408164E-4	2.9715581380408164E-4	9.933187710774136E-5	9.933187710774136E-5	2.993318771077414E-4	9.933187710774136E-5	0.07956287625015344	9.933187710774136E-5	2.9579553133171003E-4	0.002072130114181657	9.933187710774136E-5	9.933187710774136E-5	9.933187710774136E-5	0.09207508625314993	0.0030607052960222748	9.933187710774136E-5	
[2009-mai-04,neutral] : 0.9756828762910372	2.934427238488897E-4	8.782380454863167E-4	2.934427238488897E-4	2.934427238488897E-4	0.004402535514823376	2.934427238488897E-4	2.934427238488897E-4	2.934427238488897E-4	8.782380454863167E-4	2.934427238488897E-4	2.934427238488897E-4	2.934427238488897E-4	0.0014733939942978978	8.731528687764261E-4	2.934427238488897E-4	8.851587001802507E-4	0.011405093853725653	2.934427238488897E-4	2.934427238488897E-4	
[2009-mai-04,positive] : 0.15851243337165943	2.8468452750062743E-4	4.7516071797681794E-4	9.420833702443701E-5	9.420833702443701E-5	0.8096598924296764	9.420833702443701E-5	9.420833702443701E-5	9.420833702443701E-5	0.015526134126711449	2.8378179674007684E-4	4.6935673433349916E-4	0.0014262802386327627	9.420833702443701E-5	9.420833702443701E-5	0.009685482548493213	9.420833702443701E-5	9.420833702443701E-5	2.823550914929225E-4	0.0025465633835628177	
[2009-mai-04,negative] : 0.8358273113002713	2.2600993739358221E-4	2.2600993739358221E-4	2.2600993739358221E-4	0.001564372027693427	2.2600993739358221E-4	2.2600993739358221E-4	2.2600993739358221E-4	2.2600993739358221E-4	2.2600993739358221E-4	0.11094255217574396	0.0015741284239688686	6.744404306671248E-4	6.826309419597922E-4	2.2600993739358221E-4	2.2600993739358221E-4	0.005151815973881767	0.04042912837333794	2.2600993739358221E-4	6.675110411463415E-4	
[2009-mai-09,neutral] : 0.974831000780067	5.371143639394913E-4	5.371143639394913E-4	0.0016181954450205725	5.371143639394913E-4	0.00904871594854617	0.0016181954450205725	5.371143639394913E-4	0.0037745453433059547	5.371143639394913E-4	5.371143639394913E-4	5.371143639394913E-4	5.371143639394913E-4	5.371143639394913E-4	5.371143639394913E-4	5.371143639394913E-4	0.00158974594288686	5.371143639394913E-4	5.371143639394913E-4	5.371143639394913E-4	
[2009-mai-09,positive] : 0.14720006461456536	3.697040397359056E-4	0.0028385831002893163	1.2339862101669376E-4	0.0025925836260063265	0.779756376157176	3.7246462350735374E-4	0.05984239312744917	1.2339862101669376E-4	0.0013552656063083365	3.690988667169394E-4	1.2339862101669376E-4	0.003329956360283925	1.2339862101669376E-4	1.2339862101669376E-4	8.629222888111214E-4	1.2339862101669376E-4	1.2339862101669376E-4	1.2339862101669376E-4	1.2339862101669376E-4	
[2009-mai-09,negative] : 0.8237591123512832	3.3698282524453806E-4	9.970488318451981E-4	3.3698282524453806E-4	3.3698282524453806E-4	3.3698282524453806E-4	0.0010103834986452116	3.3698282524453806E-4	3.3698282524453806E-4	3.3698282524453806E-4	0.06227636985394462	0.0010126585009202136	0.00838916191702759	3.3698282524453806E-4	3.3698282524453806E-4	3.3698282524453806E-4	3.3698282524453806E-4	0.09748720309478706	0.0010242680486122356	3.3698282524453806E-4	
[2009-mai-10,neutral] : 0.9856221683050442	6.27845146303901E-4	2.094351044628968E-4	2.094351044628968E-4	2.094351044628968E-4	0.007273063085427868	2.094351044628968E-4	2.094351044628968E-4	2.094351044628968E-4	2.094351044628968E-4	6.414005472274757E-4	2.094351044628968E-4	2.094351044628968E-4	0.0014465485065247522	2.094351044628968E-4	2.094351044628968E-4	2.094351044628968E-4	0.0010402162803245195	2.094351044628968E-4	6.261017711295634E-4	
[2009-mai-10,positive] : 0.1470379615034653	5.389742711829767E-5	0.00662748855242816	5.389742711829767E-5	5.389742711829767E-5	0.7642568855531916	5.389742711829767E-5	0.07777203419682484	5.389742711829767E-5	5.389742711829767E-5	5.389742711829767E-5	1.615400535983838E-4	0.0012385083541238636	5.389742711829767E-5	5.389742711829767E-5	9.127272714553883E-4	5.389742711829767E-5	5.389742711829767E-5	5.389742711829767E-5	0.0013460853894927418	
[2009-mai-10,negative] : 0.8410870944866499	1.3689573479366417E-4	4.0974703083732035E-4	1.3689573479366417E-4	1.3689573479366417E-4	0.002591273699967166	4.142882451958833E-4	1.3689573479366417E-4	1.3689573479366417E-4	4.0607473883134927E-4	0.06826831258238224	1.3689573479366417E-4	1.3689573479366417E-4	4.150598516225932E-4	1.3689573479366417E-4	1.3689573479366417E-4	0.001241924562043978	0.08283421627831065	4.082661554178161E-4	6.916807555981024E-4	
[2009-mai-11,neutral] : 0.9227909592754664	0.0013209175800725098	0.0013209175800725098	0.0013209175800725098	0.0013209175800725098	0.030036202295357223	0.0013209175800725098	0.0013209175800725098	0.01414143040058533	0.0013209175800725098	0.0013209175800725098	0.0013209175800725098	0.0013209175800725098	0.0013209175800725098	0.003918320177475107	0.0013209175800725098	0.0013209175800725098	0.009299324150028376	0.0013209175800725098	0.0013209175800725098	
[2009-mai-11,positive] : 0.1729695416738069	0.0011247291525289332	0.0019183799461797266	3.867217724551321E-4	0.0011247291525289332	0.8016675232377246	3.867217724551321E-4	3.867217724551321E-4	3.867217724551321E-4	3.867217724551321E-4	0.0011589225446559043	0.003558922544655904	0.0011500805510810863	3.867217724551321E-4	3.867217724551321E-4	0.010335224319757714	3.867217724551321E-4	3.867217724551321E-4	3.867217724551321E-4	0.0011247291525289332	
[2009-mai-11,negative] : 0.9130587022904691	9.070780012189839E-4	9.070780012189839E-4	0.002631215932253467	9.070780012189839E-4	0.0027088798030207857	0.011453006902350816	9.070780012189839E-4	9.070780012189839E-4	9.070780012189839E-4	0.04434534561556227	9.070780012189839E-4	9.070780012189839E-4	9.070780012189839E-4	9.070780012189839E-4	9.070780012189839E-4	0.006079491794322432	0.006079491794322432	0.0027589298530708356	9.070780012189839E-4	
[2009-mai-13,neutral] : 0.8923943840765615	0.0014754873455488028	0.0014754873455488028	0.0014754873455488028	0.0014754873455488028	0.007401738443002711	0.0014754873455488028	0.0014754873455488028	0.004460561972414475	0.0014754873455488028	0.0014754873455488028	0.0014754873455488028	0.0014754873455488028	0.0014754873455488028	0.0014754873455488028	0.0014754873455488028	0.0014754873455488028	0.07213551797924055	0.0014754873455488028	0.0014754873455488028	
[2009-mai-13,positive] : 0.18986459176735937	4.2353122619283865E-4	4.2353122619283865E-4	4.2353122619283865E-4	0.0029132431603492172	0.7647731449181479	4.2353122619283865E-4	0.0020696217611722626	4.2353122619283865E-4	0.004678850375129009	4.2353122619283865E-4	0.018789502561512832	0.0012856001917100801	4.2353122619283865E-4	4.2353122619283865E-4	0.005495887351781214	4.2353122619283865E-4	4.2353122619283865E-4	0.0021189335250434136	0.003775312125866459	
[2009-mai-13,negative] : 0.6625706051617865	8.517138437536117E-4	0.0025466290979909	8.517138437536117E-4	8.517138437536117E-4	8.517138437536117E-4	0.09586002182692085	8.517138437536117E-4	8.517138437536117E-4	8.517138437536117E-4	0.2035704370229571	8.517138437536117E-4	8.517138437536117E-4	8.517138437536117E-4	8.517138437536117E-4	0.004213058381568738	8.517138437536117E-4	0.01606322217590003	0.004103746364078816	8.517138437536117E-4	
[2009-mai-14,neutral] : 0.9634696466956001	7.675197490383425E-4	0.0012470807071344597	2.520558315125692E-4	2.520558315125692E-4	0.001255859453770057	2.520558315125692E-4	2.520558315125692E-4	2.520558315125692E-4	2.520558315125692E-4	2.520558315125692E-4	2.520558315125692E-4	2.520558315125692E-4	2.520558315125692E-4	2.520558315125692E-4	7.675197490383425E-4	2.520558315125692E-4	0.028459813666711152	2.520558315125692E-4	7.558341690440555E-4	
[2009-mai-14,positive] : 0.19633865763866004	5.621621779924879E-4	0.004271014909763426	2.425645668514114E-4	0.0026552156074051607	0.7888284853638368	8.062124701335468E-5	8.062124701335468E-5	8.062124701335468E-5	8.062124701335468E-5	8.062124701335468E-5	0.0010460475819581128	0.002986250823519425	8.062124701335468E-5	8.062124701335468E-5	0.001861997765231978	4.0139109464767703E-4	8.062124701335468E-5	8.062124701335468E-5	8.062124701335468E-5	
[2009-mai-14,negative] : 0.850184183353651	1.8791328076149256E-4	1.8791328076149256E-4	1.8791328076149256E-4	1.8791328076149256E-4	1.8791328076149256E-4	0.0043519493250707385	1.8791328076149256E-4	5.631478023374776E-4	1.8791328076149256E-4	0.07835057117577883	1.8791328076149256E-4	1.8791328076149256E-4	0.006942632634556007	1.8791328076149256E-4	5.62445115967485E-4	1.8791328076149256E-4	0.054350644000706216	0.0020577878334813735	5.695926700744696E-4	
[2009-mai-16,neutral] : 0.9191598179425821	6.316594884123258E-4	6.316594884123258E-4	6.316594884123258E-4	6.316594884123258E-4	0.0030706838786562283	6.316594884123258E-4	0.06576546409094201	6.316594884123258E-4	6.316594884123258E-4	6.316594884123258E-4	6.316594884123258E-4	6.316594884123258E-4	0.0018974822732224527	6.316594884123258E-4	6.316594884123258E-4	6.316594884123258E-4	6.316594884123258E-4	6.316594884123258E-4	6.316594884123258E-4	
[2009-mai-16,positive] : 0.19730827244509874	1.659404250932026E-4	5.072373534208477E-4	1.659404250932026E-4	1.659404250932026E-4	0.7758920486019903	1.659404250932026E-4	1.659404250932026E-4	1.659404250932026E-4	5.072373534208477E-4	1.659404250932026E-4	0.0034403536386544893	0.010813019692362933	1.659404250932026E-4	1.659404250932026E-4	0.0011511620999700499	1.659404250932026E-4	1.659404250932026E-4	1.659404250932026E-4	0.008389383713963392	
[2009-mai-16,negative] : 0.8494147227283968	3.7257183706157254E-4	3.7257183706157254E-4	3.7257183706157254E-4	0.0018166339786526479	0.004137666391629811	3.7257183706157254E-4	3.7257183706157254E-4	3.7257183706157254E-4	3.7257183706157254E-4	0.07768886630677291	3.7257183706157254E-4	3.7257183706157254E-4	0.0011447726092623448	3.7257183706157254E-4	3.7257183706157254E-4	3.7257183706157254E-4	0.06058133226642355	3.7257183706157254E-4	3.7257183706157254E-4	
[2009-mai-17,neutral] : 0.9642561856660476	1.1452004001785278E-4	3.4050874058282456E-4	1.1452004001785278E-4	1.1452004001785278E-4	0.007408374556747271	1.1452004001785278E-4	0.002608110377644887	1.1452004001785278E-4	1.1452004001785278E-4	5.649756317163823E-4	1.1452004001785278E-4	1.1452004001785278E-4	1.1452004001785278E-4	1.1452004001785278E-4	1.1452004001785278E-4	1.1452004001785278E-4	0.02321856446701107	1.1452004001785278E-4	1.1452004001785278E-4	
[2009-mai-17,positive] : 0.1941382669005333	1.0386355229148317E-4	0.004294090378517742	3.434669445345744E-5	1.0274614725783503E-4	0.7948166292445707	3.434669445345744E-5	1.0274614725783503E-4	3.434669445345744E-5	1.7142746593915373E-4	1.0274614725783503E-4	0.0025744725167957316	0.0029077810553855585	3.434669445345744E-5	3.434669445345744E-5	2.3940479424839934E-4	3.434669445345744E-5	3.434669445345744E-5	3.434669445345744E-5	1.7105209431675204E-4	
[2009-mai-17,negative] : 0.8458623879437726	8.598763228282946E-5	8.598763228282946E-5	8.598763228282946E-5	8.598763228282946E-5	8.598763228282946E-5	4.303806821553314E-4	8.598763228282946E-5	2.5722050899515826E-4	8.598763228282946E-5	0.06991419117721911	2.5722050899515826E-4	8.598763228282946E-5	9.442293644354373E-4	8.598763228282946E-5	8.598763228282946E-5	0.0019710622228368718	0.07779123823110194	0.0016262054053773148	8.598763228282946E-5	
[2009-mai-18,neutral] : 0.9759762016348164	1.1502895877321152E-4	1.1502895877321152E-4	1.1502895877321152E-4	5.806867003331649E-4	0.008857062810569161	3.438619107182916E-4	3.4517855601141635E-4	1.1502895877321152E-4	1.1502895877321152E-4	3.425602443249749E-4	1.1502895877321152E-4	1.1502895877321152E-4	1.1502895877321152E-4	1.1502895877321152E-4	1.1502895877321152E-4	1.1502895877321152E-4	0.01205907167917479	1.1502895877321152E-4	1.1502895877321152E-4	
[2009-mai-18,positive] : 0.16094556684642433	1.7492852692576163E-4	3.499447730241109E-5	3.499447730241109E-5	5.247509495906212E-4	0.8267364454468222	3.499447730241109E-5	1.0509612469112473E-4	3.499447730241109E-5	0.003743741424226724	3.499447730241109E-5	3.499447730241109E-5	3.499447730241109E-5	3.499447730241109E-5	3.499447730241109E-5	0.007174388306801387	1.7514864688895627E-4	3.499447730241109E-5	3.499447730241109E-5	3.499447730241109E-5	
[2009-mai-18,negative] : 0.8164418331882661	8.42366225617059E-5	8.42366225617059E-5	8.42366225617059E-5	8.42366225617059E-5	5.910285995610378E-4	0.0019444596223787331	8.42366225617059E-5	8.42366225617059E-5	8.42366225617059E-5	0.10350825177196368	2.541601569712216E-4	8.42366225617059E-5	2.5258679091187425E-4	8.42366225617059E-5	4.240836913807374E-4	8.42366225617059E-5	0.07557275670782607	8.42366225617059E-5	8.42366225617059E-5	
[2009-mai-21,neutral] : 0.9402793721128493	0.0020933378017925688	0.0020933378017925688	0.0020933378017925688	0.0020933378017925688	0.0020933378017925688	0.0020933378017925688	0.0020933378017925688	0.022040547454884575	0.0020933378017925688	0.0020933378017925688	0.0020933378017925688	0.0020933378017925688	0.0020933378017925688	0.0020933378017925688	0.0020933378017925688	0.0020933378017925688	0.0020933378017925688	0.0020933378017925688	0.0020933378017925688	
[2009-mai-21,positive] : 0.16983514824457227	6.40466667338316E-4	6.40466667338316E-4	6.40466667338316E-4	6.40466667338316E-4	0.8022039853206614	6.40466667338316E-4	6.40466667338316E-4	6.40466667338316E-4	0.010835960186375348	6.40466667338316E-4	0.001875034568572884	6.40466667338316E-4	6.40466667338316E-4	6.40466667338316E-4	0.005642871669743319	6.40466667338316E-4	6.40466667338316E-4	6.40466667338316E-4	6.40466667338316E-4	
[2009-mai-21,negative] : 0.8144785369220152	0.0013977915804002762	0.0013977915804002762	0.0013977915804002762	0.0013977915804002762	0.004175569358178054	0.05441090407177364	0.0013977915804002762	0.0013977915804002762	0.0013977915804002762	0.08800510697032435	0.0013977915804002762	0.0013977915804002762	0.0013977915804002762	0.0013977915804002762	0.0013977915804002762	0.0013977915804002762	0.017963008971704626	0.0013977915804002762	0.0013977915804002762	
[2009-mai-22,neutral] : 0.9805989550281394	1.1491146514382517E-4	1.1491146514382517E-4	1.1491146514382517E-4	1.1491146514382517E-4	0.006358941889195893	1.1491146514382517E-4	1.1491146514382517E-4	3.411558090352279E-4	1.1491146514382517E-4	1.1491146514382517E-4	1.1491146514382517E-4	1.1491146514382517E-4	0.0012448549679686836	3.455919726409417E-4	3.4090016570879694E-4	1.1491146514382517E-4	0.009275751120441305	1.1491146514382517E-4	1.1491146514382517E-4	
[2009-mai-22,positive] : 0.15119877650525998	3.383731810836968E-5	0.00463347385164985	1.011094338164087E-4	1.6993803263712094E-4	0.8229668615309181	3.383731810836968E-5	3.383731810836968E-5	3.383731810836968E-5	0.008489373340342811	1.011094338164087E-4	3.383731810836968E-5	0.004967314973452929	3.383731810836968E-5	3.383731810836968E-5	0.006460426135094744	3.383731810836968E-5	3.383731810836968E-5	3.383731810836968E-5	5.732435819277526E-4	
[2009-mai-22,negative] : 0.8497741124227087	8.657288709250524E-5	8.657288709250524E-5	4.296512949262269E-4	8.657288709250524E-5	0.0016480987285960665	8.657288709250524E-5	8.657288709250524E-5	8.657288709250524E-5	8.657288709250524E-5	0.0740012213476203	8.657288709250524E-5	2.6033483322630195E-4	0.005616393325454384	8.657288709250524E-5	8.657288709250524E-5	6.041648065709829E-4	0.06662714859578706	8.657288709250524E-5	8.657288709250524E-5	
[2009-mai-23,neutral] : 0.05	0.05	0.05	0.05	0.05	0.05	0.05	0.05	0.05	0.05	0.05	0.05	0.05	0.05	0.05	0.05	0.05	0.05	0.05	0.05	
[2009-mai-23,positive] : 0.2844285714285715	0.018714285714285718	0.018714285714285718	0.018714285714285718	0.08728571428571429	0.15585714285714286	0.018714285714285718	0.018714285714285718	0.173	0.018714285714285718	0.018714285714285718	0.018714285714285718	0.018714285714285718	0.018714285714285718	0.018714285714285718	0.018714285714285718	0.018714285714285718	0.018714285714285718	0.018714285714285718	0.018714285714285718	
[2009-mai-23,negative] : 0.6211904761904762	0.014047619047619048	0.014047619047619048	0.014047619047619048	0.014047619047619048	0.014047619047619048	0.014047619047619048	0.014047619047619048	0.014047619047619048	0.014047619047619048	0.014047619047619048	0.014047619047619048	0.09738095238095239	0.014047619047619048	0.014047619047619048	0.014047619047619048	0.014047619047619048	0.014047619047619048	0.014047619047619048	0.042619047619047626	
[2009-mai-25,neutral] : 0.41166666666666674	0.028333333333333332	0.07833333333333334	0.028333333333333332	0.028333333333333332	0.028333333333333332	0.028333333333333332	0.028333333333333332	0.028333333333333332	0.028333333333333332	0.028333333333333332	0.028333333333333332	0.028333333333333332	0.028333333333333332	0.028333333333333332	0.028333333333333332	0.028333333333333332	0.028333333333333332	0.028333333333333332	0.028333333333333332	
[2009-mai-25,positive] : 0.19321212121212122	0.008969696969696971	0.09866666666666668	0.008969696969696971	0.008969696969696971	0.36290909090909096	0.008969696969696971	0.008969696969696971	0.02563636363636364	0.008969696969696971	0.008969696969696971	0.008969696969696971	0.008969696969696971	0.008969696969696971	0.008969696969696971	0.02563636363636364	0.008969696969696971	0.008969696969696971	0.008969696969696971	0.16836363636363638	
[2009-mai-25,negative] : 0.6384761904761904	0.017523809523809525	0.017523809523809525	0.017523809523809525	0.017523809523809525	0.017523809523809525	0.017523809523809525	0.017523809523809525	0.017523809523809525	0.017523809523809525	0.04609523809523809	0.017523809523809525	0.017523809523809525	0.017523809523809525	0.017523809523809525	0.017523809523809525	0.017523809523809525	0.017523809523809525	0.017523809523809525	0.017523809523809525	
[2009-mai-26,neutral] : 0.9439226888823162	4.817279568832364E-4	4.817279568832364E-4	4.817279568832364E-4	4.817279568832364E-4	0.02723761871898518	0.003406898024910448	4.817279568832364E-4	0.004265946958493543	4.817279568832364E-4	4.817279568832364E-4	4.817279568832364E-4	4.817279568832364E-4	0.011994593972854841	0.0015021361201485426	4.817279568832364E-4	4.817279568832364E-4	4.817279568832364E-4	0.0014076538828091624	4.817279568832364E-4	
[2009-mai-26,positive] : 0.24492720895553788	1.377281122253203E-4	4.1170071496504635E-4	1.377281122253203E-4	1.377281122253203E-4	0.7446365160410406	1.377281122253203E-4	9.78064246679102E-4	1.377281122253203E-4	1.377281122253203E-4	1.377281122253203E-4	0.0033944749987767794	0.002617662641353101	1.377281122253203E-4	1.377281122253203E-4	9.699343399785551E-4	1.377281122253203E-4	4.1170071496504635E-4	1.377281122253203E-4	1.377281122253203E-4	
[2009-mai-26,negative] : 0.8794384258124325	2.905588193764632E-4	2.905588193764632E-4	2.905588193764632E-4	2.905588193764632E-4	0.002611113741968783	2.905588193764632E-4	2.905588193764632E-4	2.905588193764632E-4	2.905588193764632E-4	0.041589222018981443	2.905588193764632E-4	2.905588193764632E-4	0.013644593052120796	2.905588193764632E-4	8.719541682136727E-4	0.0020383827882231942	0.05137900184390835	0.003182456145292957	0.002048703415717346	
[2009-mai-27,neutral] : 0.8888111583306092	0.004796774545058298	0.004796774545058298	0.004796774545058298	0.004796774545058298	0.024846899858341508	0.004796774545058298	0.004796774545058298	0.004796774545058298	0.004796774545058298	0.004796774545058298	0.004796774545058298	0.004796774545058298	0.004796774545058298	0.004796774545058298	0.004796774545058298	0.004796774545058298	0.004796774545058298	0.004796774545058298	0.004796774545058298	
[2009-mai-27,positive] : 0.14013123955191345	0.0017879979551751724	0.005177828463649749	0.0017879979551751724	0.0017879979551751724	0.8207235381750303	0.0017879979551751724	0.0017879979551751724	0.0017879979551751724	0.0017879979551751724	0.0017879979551751724	0.0017879979551751724	0.0017879979551751724	0.0017879979551751724	0.0017879979551751724	0.005359426526603745	0.0017879979551751724	0.0017879979551751724	0.0017879979551751724	0.0017879979551751724	
[2009-mai-27,negative] : 0.7469448241816663	0.004858547884863675	0.004858547884863675	0.004858547884863675	0.004858547884863675	0.0143823574086732	0.015384863674337359	0.013949456975772767	0.004858547884863675	0.004858547884863675	0.0643823574086732	0.004858547884863675	0.004858547884863675	0.040139933166248955	0.004858547884863675	0.013949456975772767	0.004858547884863675	0.032564175590491386	0.004858547884863675	0.004858547884863675	
[2009-mai-28,neutral] : 0.9729205557133668	9.039179055914667E-4	2.9785729953086046E-4	2.9785729953086046E-4	2.9785729953086046E-4	2.9785729953086046E-4	2.9785729953086046E-4	2.9785729953086046E-4	2.9785729953086046E-4	9.189753119532207E-4	2.9785729953086046E-4	2.9785729953086046E-4	2.9785729953086046E-4	2.9785729953086046E-4	2.9785729953086046E-4	2.9785729953086046E-4	2.9785729953086046E-4	0.02049083427659496	2.9785729953086046E-4	2.9785729953086046E-4	
[2009-mai-28,positive] : 0.21195135531974793	8.816931247254642E-5	0.0043241210753868	8.816931247254642E-5	2.6578920590061036E-4	0.7642305032895526	2.6438076621703983E-4	8.816931247254642E-5	8.816931247254642E-5	2.6578920590061036E-4	8.816931247254642E-5	0.008896505432048738	0.007508635339680114	8.816931247254642E-5	8.816931247254642E-5	0.0013230579283675706	8.816931247254642E-5	8.816931247254642E-5	8.816931247254642E-5	8.816931247254642E-5	
[2009-mai-28,negative] : 0.8620365617505567	2.082129469865352E-4	2.082129469865352E-4	2.082129469865352E-4	2.082129469865352E-4	2.082129469865352E-4	6.310459279590512E-4	2.082129469865352E-4	2.082129469865352E-4	2.082129469865352E-4	0.04358979149931364	2.082129469865352E-4	2.082129469865352E-4	0.015025218654261393	0.0014620421742376894	2.082129469865352E-4	6.337448618801522E-4	0.07349199383999408	6.310459279590512E-4	2.082129469865352E-4	
[2009-mai-29,neutral] : 0.986910258017285	6.814031332428902E-5	6.814031332428902E-5	2.0438009534063777E-4	6.814031332428902E-5	0.011052680659189545	6.814031332428902E-5	6.814031332428902E-5	6.814031332428902E-5	6.814031332428902E-5	4.6947810596642954E-4	6.814031332428902E-5	6.814031332428902E-5	6.814031332428902E-5	2.0731915813987706E-4	6.814031332428902E-5	6.814031332428902E-5	2.0191957753833584E-4	6.814031332428902E-5	6.814031332428902E-5	
[2009-mai-29,positive] : 0.1942207867820615	2.0356101918137578E-5	0.002134953762270567	2.0356101918137578E-5	2.0356101918137578E-5	0.8005321390980178	6.1239176325333E-5	2.0356101918137578E-5	2.0356101918137578E-5	6.085012904913575E-5	6.085012904913575E-5	5.085920265299924E-4	3.065376227685055E-4	2.0356101918137578E-5	2.0356101918137578E-5	0.0015650032426369458	2.0356101918137578E-5	2.0356101918137578E-5	6.1239176325333E-5	3.0460393770239595E-4	
[2009-mai-29,negative] : 0.849829242002787	4.69406893811844E-5	4.69406893811844E-5	4.69406893811844E-5	4.69406893811844E-5	1.4048605888539395E-4	1.4013733430196727E-4	4.69406893811844E-5	4.69406893811844E-5	4.69406893811844E-5	0.07055440553612181	4.69406893811844E-5	0.001271410180689796	0.00577779486922128	4.69406893811844E-5	1.414586477932827E-4	0.0028605591688827883	0.06876815861812355	4.69406893811844E-5	4.69406893811844E-5	
[2009-mai-30,neutral] : 0.9861452678370547	4.4572943059771855E-5	4.4572943059771855E-5	4.4572943059771855E-5	4.4572943059771855E-5	0.011448664572517843	4.4572943059771855E-5	4.4572943059771855E-5	1.3417867782679696E-4	4.4572943059771855E-5	4.0428517327559916E-4	4.4572943059771855E-5	4.4572943059771855E-5	4.4572943059771855E-5	4.910449916584101E-4	4.4572943059771855E-5	4.4572943059771855E-5	7.525375448296834E-4	4.4572943059771855E-5	4.4572943059771855E-5	
[2009-mai-30,positive] : 0.18336013910320864	1.2616240815084388E-5	0.0031409154789917605	1.2616240815084388E-5	3.7910284067898356E-5	0.8033903731433352	1.2616240815084388E-5	1.2616240815084388E-5	1.2616240815084388E-5	0.0014278545989902013	1.2616240815084388E-5	1.2616240815084388E-5	4.676616205463159E-4	0.0027619356854357555	1.2616240815084388E-5	0.004278219504413986	1.2616240815084388E-5	1.2616240815084388E-5	1.2616240815084388E-5	9.962119320442455E-4	
[2009-mai-30,negative] : 0.8230529125459535	3.1342804049715344E-5	3.1342804049715344E-5	3.1342804049715344E-5	3.1342804049715344E-5	3.1342804049715344E-5	0.007110889875759338	3.1342804049715344E-5	3.1342804049715344E-5	3.1342804049715344E-5	0.07663829475970743	3.1342804049715344E-5	4.0722939193491605E-4	0.002231226560683196	3.1342804049715344E-5	3.1342804049715344E-5	1.5618705315334708E-4	0.08968186244161855	3.452837225930793E-4	3.1342804049715344E-5	
[2009-mai-31,neutral] : 0.9786879908038004	4.726212346771784E-5	1.4041536054270622E-4	4.726212346771784E-5	4.726212346771784E-5	0.005223300054850067	4.726212346771784E-5	4.726212346771784E-5	1.391316687134689E-4	4.726212346771784E-5	4.726212346771784E-5	4.726212346771784E-5	4.726212346771784E-5	0.0018266582880258197	2.3100121395921996E-4	4.726212346771784E-5	4.726212346771784E-5	0.013137095005027789	4.726212346771784E-5	4.726212346771784E-5	
[2009-mai-31,positive] : 0.1733213485012902	1.3457174333512351E-5	2.2830879243476116E-4	1.3457174333512351E-5	1.3457174333512351E-5	0.8023195000116938	0.01710385448455268	1.3457174333512351E-5	1.3457174333512351E-5	0.003537860970025032	1.3457174333512351E-5	2.558128772863486E-4	0.0014968844733825022	1.3457174333512351E-5	1.3457174333512351E-5	1.3457174333512351E-5	1.3457174333512351E-5	1.3457174333512351E-5	1.3457174333512351E-5	0.0015749437973325286	
[2009-mai-31,negative] : 0.8195892440721856	3.40208584164886E-5	3.40208584164886E-5	3.40208584164886E-5	3.40208584164886E-5	0.001996288279801982	1.031532469405121E-4	8.446546777935761E-4	3.40208584164886E-5	3.40208584164886E-5	0.0665079362572856	1.031532469405121E-4	3.40208584164886E-5	0.0015949107087526958	3.40208584164886E-5	1.0195564102518425E-4	1.6901917093758208E-4	0.1015012424095619	0.007182254563026391	3.40208584164886E-5	
[2009-jun-01,neutral] : 0.9697420557924664	3.978619306789971E-5	3.978619306789971E-5	3.978619306789971E-5	3.978619306789971E-5	0.010295152094656635	3.978619306789971E-5	3.978619306789971E-5	3.978619306789971E-5	3.978619306789971E-5	3.978619306789971E-5	3.978619306789971E-5	3.978619306789971E-5	3.978619306789971E-5	3.978619306789971E-5	3.978619306789971E-5	3.978619306789971E-5	0.01928642683072252	3.978619306789971E-5	3.978619306789971E-5	
[2009-jun-01,positive] : 0.19173676184838917	1.2573487973906167E-5	0.003987680194751316	3.7461491955986805E-5	1.2573487973906167E-5	0.7794529725538435	0.012406000736018153	1.2573487973906167E-5	1.2573487973906167E-5	0.004606230466583995	1.2573487973906167E-5	3.652546922473999E-4	3.798967808700823E-5	1.2573487973906167E-5	1.2573487973906167E-5	0.005092239517057331	1.2573487973906167E-5	1.2573487973906167E-5	3.7746552794548086E-5	0.0021265008765064437	
